Channel 1:
0.302534, 0.000000, 0.000000, 0.720632, 0.237846, 0.000000, 0.000000, 0.000000, 0.000000, 0.000000, 0.000000, 0.000000, 0.000000, 0.000000, 0.000000, 0.000000, 0.000000, 0.000000, 0.000000, 0.000000, 0.000000, 0.000000, 0.000000, 0.000000, 0.000000, 0.000000, 0.000000, 0.000000, 0.000000, 0.000000, 0.000000, 0.000000, 0.000000, 0.000000, 0.000000, 0.000000, 0.000000, 0.000000, 0.000000, 0.000000
0.445517, 0.000000, 0.000000, 0.726414, 0.156853, 0.000000, 0.000000, 0.000000, 0.000000, 0.000000, 0.000000, 0.000000, 0.000000, 0.000000, 0.000000, 0.000000, 0.000000, 0.000000, 0.000000, 0.000000, 0.000000, 0.000000, 0.000000, 0.300571, 0.181755, 0.000000, 0.000000, 0.000000, 0.000000, 0.000000, 0.000000, 0.000000, 0.000000, 0.000000, 0.000000, 0.000000, 0.000000, 0.000000, 0.000000, 0.000000
0.482252, 0.000000, 0.000000, 0.676017, 0.091848, 0.000000, 0.000000, 0.000000, 0.000000, 0.000000, 0.000000, 0.000000, 0.000000, 0.000000, 0.000000, 0.000000, 0.000000, 0.000000, 0.000000, 0.000000, 0.000000, 0.000000, 0.000000, 7.015375, 8.492666, 2.975972, 0.000000, 0.000000, 0.000000, 0.000000, 0.000000, 0.000000, 0.000000, 0.000000, 0.000000, 0.000000, 0.000000, 0.000000, 0.000000, 0.000000
0.587315, 0.000000, 0.000000, 0.860460, 0.131992, 0.000000, 0.000000, 0.000000, 0.000000, 0.000000, 0.000000, 0.000000, 0.000000, 0.000000, 0.000000, 0.000000, 0.000000, 0.000000, 0.000000, 0.000000, 0.000000, 0.000000, 1.818386, 15.215570, 20.498840, 10.236060, 0.000000, 0.000000, 0.000000, 0.000000, 0.000000, 0.000000, 0.000000, 0.000000, 0.000000, 0.000000, 0.000000, 0.000000, 0.000000, 0.000000
0.728323, 0.000000, 0.000000, 0.664339, 0.120513, 0.000000, 0.000000, 0.000000, 0.000000, 0.000000, 0.000000, 0.000000, 0.000000, 0.000000, 0.000000, 0.000000, 0.000000, 0.000000, 0.000000, 0.000000, 0.000000, 0.000000, 0.000000, 9.089961, 23.349478, 13.468535, 0.000000, 0.000000, 0.000000, 0.000000, 0.000000, 0.000000, 0.000000, 0.000000, 0.000000, 0.000000, 0.000000, 0.000000, 0.000000, 0.000000
0.660390, 0.000000, 0.000000, 0.739886, 0.023999, 0.000000, 0.000000, 0.000000, 0.000000, 0.000000, 0.000000, 0.000000, 0.000000, 0.000000, 0.000000, 0.000000, 0.000000, 0.000000, 0.000000, 0.000000, 0.000000, 0.000000, 0.000000, 0.000000, 19.925041, 13.669162, 0.000000, 0.000000, 0.000000, 0.000000, 0.000000, 0.000000, 0.000000, 0.000000, 0.000000, 0.000000, 0.000000, 0.000000, 0.000000, 0.000000
0.729113, 0.000000, 0.000000, 1.018488, 0.224787, 0.000000, 0.000000, 0.000000, 0.000000, 0.000000, 0.000000, 0.000000, 0.000000, 0.000000, 0.000000, 0.000000, 0.000000, 0.000000, 0.000000, 0.000000, 0.000000, 0.000000, 0.000000, 0.000000, 18.873934, 12.982009, 0.000000, 0.000000, 0.000000, 0.000000, 0.000000, 0.000000, 0.000000, 0.000000, 0.000000, 0.000000, 0.000000, 0.000000, 0.000000, 0.000000
0.765058, 0.000000, 0.000000, 1.122001, 0.000000, 0.000000, 0.000000, 0.000000, 0.000000, 0.000000, 0.000000, 0.000000, 0.000000, 0.000000, 0.000000, 0.000000, 0.000000, 0.000000, 0.000000, 0.000000, 0.000000, 0.000000, 0.000000, 0.000000, 18.434097, 12.108543, 0.000000, 0.000000, 0.000000, 0.000000, 0.000000, 0.000000, 0.000000, 0.000000, 0.000000, 0.000000, 0.000000, 0.000000, 0.000000, 0.000000
0.765453, 0.000000, 0.000000, 1.298596, 0.059708, 0.000000, 0.000000, 0.000000, 0.000000, 0.000000, 0.000000, 0.000000, 0.000000, 0.000000, 0.000000, 0.000000, 0.000000, 0.000000, 0.000000, 0.000000, 0.000000, 0.000000, 0.000000, 0.000000, 18.259239, 11.369092, 0.000000, 0.000000, 0.000000, 0.000000, 0.000000, 0.000000, 0.000000, 0.000000, 0.000000, 0.000000, 0.000000, 0.000000, 0.000000, 0.000000
0.870121, 0.000000, 0.000000, 1.543300, 0.156937, 0.000000, 0.000000, 0.000000, 0.000000, 0.000000, 0.000000, 0.000000, 0.000000, 0.000000, 0.000000, 0.000000, 0.000000, 0.000000, 0.000000, 0.000000, 0.000000, 0.000000, 0.000000, 0.668716, 17.903038, 10.110981, 0.000000, 0.000000, 0.000000, 0.000000, 0.000000, 0.000000, 0.000000, 0.000000, 0.000000, 0.000000, 0.000000, 0.000000, 0.000000, 0.000000
1.115797, 0.000000, 0.000000, 1.030815, 0.085679, 0.000000, 0.000000, 0.000000, 0.000000, 0.000000, 0.000000, 0.000000, 0.000000, 0.000000, 0.000000, 0.000000, 0.000000, 0.000000, 0.000000, 0.000000, 0.000000, 0.000000, 0.000000, 2.099260, 17.951616, 9.728303, 0.000000, 0.000000, 0.000000, 0.000000, 0.000000, 0.000000, 0.000000, 0.000000, 0.000000, 0.000000, 0.000000, 0.000000, 0.000000, 0.000000
1.293540, 0.000000, 0.000000, 1.131132, 0.085679, 0.000000, 0.000000, 0.000000, 0.000000, 0.000000, 0.000000, 0.000000, 0.000000, 0.000000, 0.000000, 0.000000, 0.000000, 0.000000, 0.000000, 0.000000, 0.000000, 0.000000, 0.000000, 3.729504, 17.908762, 8.615215, 0.000000, 0.000000, 0.000000, 0.000000, 0.000000, 0.000000, 0.000000, 0.000000, 0.000000, 0.000000, 0.000000, 0.000000, 0.000000, 0.000000
1.226001, 0.000000, 0.000000, 1.277865, 0.048465, 0.000000, 0.000000, 0.000000, 0.000000, 0.000000, 0.000000, 0.000000, 0.000000, 0.000000, 0.000000, 0.000000, 0.000000, 0.000000, 0.000000, 0.000000, 0.000000, 0.000000, 0.000000, 4.961423, 17.478653, 7.619670, 0.000000, 0.000000, 0.000000, 0.000000, 0.000000, 0.000000, 0.000000, 0.000000, 0.000000, 0.000000, 0.000000, 0.000000, 0.000000, 0.000000
1.085388, 0.000000, 0.000000, 1.207739, 0.000000, 0.000000, 0.000000, 0.000000, 0.000000, 0.000000, 0.000000, 0.000000, 0.000000, 0.000000, 0.000000, 0.000000, 0.000000, 0.000000, 0.000000, 0.000000, 0.000000, 0.000000, 0.000000, 6.636310, 17.458519, 6.811949, 0.000000, 0.000000, 0.000000, 0.000000, 0.000000, 0.000000, 0.000000, 0.000000, 0.000000, 0.000000, 0.000000, 0.000000, 0.000000, 0.000000
1.362658, 0.000000, 0.000000, 1.194349, 0.058438, 0.000000, 0.000000, 0.000000, 0.000000, 0.000000, 0.000000, 0.000000, 0.000000, 0.000000, 0.000000, 0.000000, 0.000000, 0.000000, 0.000000, 0.000000, 0.000000, 0.000000, 0.000000, 7.830246, 17.406721, 6.183671, 0.000000, 0.000000, 0.000000, 0.000000, 0.000000, 0.000000, 0.000000, 0.000000, 0.000000, 0.000000, 0.000000, 0.000000, 0.000000, 0.000000
1.680618, 0.000000, 0.000000, 1.187044, 0.095653, 0.000000, 0.000000, 0.000000, 0.000000, 0.000000, 0.000000, 0.000000, 0.000000, 0.000000, 0.000000, 0.000000, 0.000000, 0.000000, 0.000000, 0.000000, 0.000000, 0.000000, 0.000000, 8.922927, 17.615200, 5.848680, 0.000000, 0.000000, 0.000000, 0.000000, 0.000000, 0.000000, 0.000000, 0.000000, 0.000000, 0.000000, 0.000000, 0.000000, 0.000000, 0.000000
1.649815, 0.000000, 0.000000, 1.264475, 0.120118, 0.000000, 0.000000, 0.000000, 0.000000, 0.000000, 0.000000, 0.000000, 0.000000, 0.000000, 0.000000, 0.000000, 0.000000, 0.000000, 0.000000, 0.000000, 0.000000, 0.000000, 0.000000, 9.557514, 17.604446, 5.542699, 0.000000, 0.000000, 0.000000, 0.000000, 0.000000, 0.000000, 0.000000, 0.000000, 0.000000, 0.000000, 0.000000, 0.000000, 0.000000, 0.000000
1.090924, 0.000000, 0.000000, 0.819786, 0.000000, 0.000000, 0.000000, 0.000000, 0.000000, 0.000000, 0.000000, 0.000000, 0.000000, 0.000000, 0.000000, 0.000000, 0.000000, 0.000000, 0.000000, 0.000000, 0.000000, 0.000000, 0.000000, 10.158349, 17.749239, 5.289666, 0.000000, 0.000000, 0.000000, 0.000000, 0.000000, 0.000000, 0.000000, 0.000000, 0.000000, 0.000000, 0.000000, 0.000000, 0.000000, 0.000000
0.804163, 0.000000, 0.000000, 0.709251, 0.022099, 0.000000, 0.000000, 0.000000, 0.000000, 0.000000, 0.000000, 0.000000, 0.000000, 0.000000, 0.000000, 0.000000, 0.000000, 0.000000, 0.000000, 0.000000, 0.000000, 0.000000, 0.000000, 10.782043, 17.620329, 4.966628, 0.000000, 0.000000, 0.000000, 0.000000, 0.000000, 0.000000, 0.000000, 0.000000, 0.000000, 0.000000, 0.000000, 0.000000, 0.000000, 0.000000
0.556512, 0.000000, 0.000000, 0.767845, 0.000000, 0.000000, 0.000000, 0.000000, 0.000000, 0.000000, 0.000000, 0.000000, 0.000000, 0.000000, 0.000000, 0.000000, 0.000000, 0.000000, 0.000000, 0.000000, 0.000000, 0.000000, 0.000000, 11.398004, 17.405275, 4.337370, 0.000000, 0.000000, 0.000000, 0.000000, 0.000000, 0.000000, 0.000000, 0.000000, 0.000000, 0.000000, 0.000000, 0.000000, 0.000000, 0.000000
0.588105, 0.000000, 0.000000, 0.663546, 0.000000, 0.000000, 0.000000, 0.000000, 0.000000, 0.000000, 0.000000, 0.000000, 0.000000, 0.000000, 0.000000, 0.000000, 0.000000, 0.000000, 0.000000, 0.000000, 0.000000, 0.000000, 0.000000, 11.708776, 17.730947, 4.702095, 0.000000, 0.000000, 0.000000, 0.000000, 0.000000, 0.000000, 0.000000, 0.000000, 0.000000, 0.000000, 0.000000, 0.000000, 0.000000, 0.000000
0.623655, 0.000000, 0.000000, 0.491237, 0.000000, 0.000000, 0.000000, 0.000000, 0.000000, 0.000000, 0.000000, 0.000000, 0.000000, 0.000000, 0.000000, 0.000000, 0.000000, 0.000000, 0.000000, 0.000000, 0.000000, 0.000000, 0.000000, 11.580427, 18.412449, 5.180312, 0.000000, 0.000000, 0.000000, 0.000000, 0.000000, 0.000000, 0.000000, 0.000000, 0.000000, 0.000000, 0.000000, 0.000000, 0.000000, 0.000000
0.519382, 0.000000, 0.000000, 0.446776, 0.000000, 0.000000, 0.000000, 0.000000, 0.000000, 0.000000, 0.000000, 0.000000, 0.000000, 0.000000, 0.000000, 0.000000, 0.000000, 0.000000, 0.000000, 0.000000, 0.000000, 0.000000, 0.000000, 10.675480, 18.598255, 5.786462, 0.000000, 0.000000, 0.000000, 0.000000, 0.000000, 0.000000, 0.000000, 0.000000, 0.000000, 0.000000, 0.000000, 0.000000, 0.000000, 0.000000
0.483042, 0.000000, 0.000000, 0.544743, 0.000000, 0.000000, 0.000000, 0.000000, 0.000000, 0.000000, 0.000000, 0.000000, 0.000000, 0.000000, 0.000000, 0.000000, 0.000000, 0.000000, 0.000000, 0.000000, 0.000000, 0.000000, 0.000000, 9.484702, 18.614559, 6.587146, 0.000000, 0.000000, 0.000000, 0.000000, 0.000000, 0.000000, 0.000000, 0.000000, 0.000000, 0.000000, 0.000000, 0.000000, 0.000000, 0.000000
0.482647, 0.000000, 0.000000, 0.422880, 0.000000, 0.000000, 0.000000, 0.000000, 0.000000, 0.000000, 0.000000, 0.000000, 0.000000, 0.000000, 0.000000, 0.000000, 0.000000, 0.000000, 0.000000, 0.000000, 0.000000, 0.000000, 0.000000, 8.447903, 18.940582, 7.325510, 0.000000, 0.000000, 0.000000, 0.000000, 0.000000, 0.000000, 0.000000, 0.000000, 0.000000, 0.000000, 0.000000, 0.000000, 0.000000, 0.000000
0.482647, 0.000000, 0.000000, 0.039891, 0.000000, 0.000000, 0.000000, 0.000000, 0.000000, 0.000000, 0.000000, 0.000000, 0.000000, 0.000000, 0.000000, 0.000000, 0.000000, 0.000000, 0.000000, 0.000000, 0.000000, 0.000000, 0.000000, 7.600731, 18.802849, 7.245472, 0.000000, 0.000000, 0.000000, 0.000000, 0.000000, 0.000000, 0.000000, 0.000000, 0.000000, 0.000000, 0.000000, 0.000000, 0.000000, 0.000000
0.377979, 0.000000, 0.000000, 0.079957, 0.000000, 0.000000, 0.000000, 0.000000, 0.000000, 0.000000, 0.000000, 0.000000, 0.000000, 0.000000, 0.000000, 0.000000, 0.000000, 0.000000, 0.000000, 0.000000, 0.000000, 0.000000, 0.000000, 1.305743, 10.524394, 3.334293, 0.000000, 0.000000, 0.000000, 0.000000, 0.000000, 0.000000, 0.000000, 0.000000, 0.000000, 0.000000, 0.000000, 0.000000, 0.000000, 0.000000
0.341639, 0.000000, 0.000000, 0.000000, 0.000000, 0.000000, 0.000000, 0.000000, 0.000000, 0.000000, 0.000000, 0.000000, 0.000000, 0.000000, 0.000000, 0.000000, 0.000000, 0.000000, 0.000000, 0.000000, 0.000000, 0.000000, 0.000000, 0.000000, 0.000000, 0.170452, 0.000000, 0.000000, 0.000000, 0.000000, 0.000000, 0.000000, 0.000000, 0.000000, 0.000000, 0.000000, 0.000000, 0.000000, 0.000000, 0.000000
0.341244, 0.000000, 0.000000, 0.000000, 0.000000, 0.000000, 0.000000, 0.000000, 0.000000, 0.000000, 0.000000, 0.000000, 0.000000, 0.000000, 0.000000, 0.000000, 0.000000, 0.000000, 0.000000, 0.000000, 0.000000, 0.000000, 0.000000, 0.000000, 0.000000, 0.000000, 0.000000, 0.000000, 0.000000, 0.000000, 0.000000, 0.000000, 0.000000, 0.000000, 0.000000, 0.000000, 0.000000, 0.000000, 0.000000, 0.000000
0.236576, 0.000000, 0.000000, 0.000000, 0.000000, 0.000000, 0.000000, 0.000000, 0.000000, 0.000000, 0.000000, 0.000000, 0.000000, 0.000000, 0.000000, 0.000000, 0.000000, 0.000000, 0.000000, 0.000000, 0.000000, 0.000000, 0.000000, 0.000000, 0.000000, 0.000000, 0.000000, 0.000000, 0.000000, 0.000000, 0.000000, 0.000000, 0.000000, 0.000000, 0.000000, 0.000000, 0.000000, 0.000000, 0.000000, 0.000000
0.095568, 0.000000, 0.000000, 0.000000, 0.000000, 0.000000, 0.000000, 0.000000, 0.000000, 0.000000, 0.000000, 0.000000, 0.000000, 0.000000, 0.000000, 0.000000, 0.000000, 0.000000, 0.000000, 0.000000, 0.000000, 0.000000, 0.000000, 0.000000, 0.000000, 0.000000, 0.000000, 0.000000, 0.000000, 0.000000, 0.000000, 0.000000, 0.000000, 0.000000, 0.000000, 0.000000, 0.000000, 0.000000, 0.000000, 0.000000
0.163502, 0.000000, 0.000000, 0.020220, 0.000000, 0.000000, 0.000000, 0.000000, 0.000000, 0.000000, 0.000000, 0.000000, 0.000000, 0.000000, 0.000000, 0.000000, 0.000000, 0.000000, 0.000000, 0.000000, 0.000000, 0.000000, 0.000000, 0.000000, 0.000000, 0.000000, 0.000000, 0.000000, 0.000000, 0.000000, 0.000000, 0.000000, 0.000000, 0.000000, 0.000000, 0.000000, 0.000000, 0.000000, 0.000000, 0.000000
0.199446, 0.000000, 0.000000, 0.112524, 0.000000, 0.000000, 0.000000, 0.000000, 0.000000, 0.000000, 0.000000, 0.000000, 0.000000, 0.000000, 0.000000, 0.000000, 0.000000, 0.000000, 0.000000, 0.000000, 0.000000, 0.000000, 0.000000, 0.000000, 0.000000, 0.000000, 0.000000, 0.000000, 0.000000, 0.000000, 0.000000, 0.000000, 0.000000, 0.000000, 0.000000, 0.000000, 0.000000, 0.000000, 0.000000, 0.000000
0.199841, 0.000000, 0.000000, 0.075705, 0.000000, 0.000000, 0.000000, 0.000000, 0.000000, 0.000000, 0.000000, 0.000000, 0.000000, 0.000000, 0.000000, 0.000000, 0.000000, 0.000000, 0.000000, 0.000000, 0.000000, 0.000000, 0.000000, 0.000000, 0.000000, 0.000000, 0.000000, 0.000000, 0.000000, 0.000000, 0.000000, 0.000000, 0.000000, 0.000000, 0.000000, 0.000000, 0.000000, 0.000000, 0.000000, 0.000000
0.199841, 0.000000, 0.000000, 0.051239, 0.000000, 0.000000, 0.000000, 0.000000, 0.000000, 0.000000, 0.000000, 0.000000, 0.000000, 0.000000, 0.000000, 0.000000, 0.000000, 0.000000, 0.000000, 0.000000, 0.000000, 0.000000, 0.000000, 0.000000, 0.000000, 0.000000, 0.000000, 0.000000, 0.000000, 0.000000, 0.000000, 0.000000, 0.000000, 0.000000, 0.000000, 0.000000, 0.000000, 0.000000, 0.000000, 0.000000
0.095173, 0.000000, 0.000000, 0.289241, 0.000000, 0.000000, 0.000000, 0.000000, 0.000000, 0.000000, 0.000000, 0.000000, 0.000000, 0.000000, 0.000000, 0.000000, 0.000000, 0.000000, 0.000000, 0.000000, 0.000000, 0.000000, 0.000000, 0.000000, 0.000000, 0.000000, 0.000000, 0.000000, 0.000000, 0.000000, 0.000000, 0.000000, 0.000000, 0.000000, 0.000000, 0.000000, 0.000000, 0.000000, 0.000000, 0.000000
0.163502, 0.000000, 0.000000, 0.149258, 0.000000, 0.000000, 0.000000, 0.000000, 0.000000, 0.000000, 0.000000, 0.000000, 0.000000, 0.000000, 0.000000, 0.000000, 0.000000, 0.000000, 0.000000, 0.000000, 0.000000, 0.000000, 0.000000, 0.000000, 0.000000, 0.000000, 0.000000, 0.000000, 0.000000, 0.000000, 0.000000, 0.000000, 0.000000, 0.000000, 0.000000, 0.000000, 0.000000, 0.000000, 0.000000, 0.000000
0.094778, 0.000000, 0.000000, 0.113314, 0.000000, 0.000000, 0.000000, 0.000000, 0.000000, 0.000000, 0.000000, 0.000000, 0.000000, 0.000000, 0.000000, 0.000000, 0.000000, 0.000000, 0.000000, 0.000000, 0.000000, 0.000000, 0.000000, 0.000000, 0.000000, 0.000000, 0.000000, 0.000000, 0.000000, 0.000000, 0.000000, 0.000000, 0.000000, 0.000000, 0.000000, 0.000000, 0.000000, 0.000000, 0.000000, 0.000000
0.058834, 0.000000, 0.000000, 0.075705, 0.000000, 0.000000, 0.000000, 0.000000, 0.000000, 0.000000, 0.000000, 0.000000, 0.000000, 0.000000, 0.000000, 0.000000, 0.000000, 0.000000, 0.000000, 0.000000, 0.000000, 0.000000, 0.000000, 0.000000, 0.000000, 0.000000, 0.000000, 0.000000, 0.000000, 0.000000, 0.000000, 0.000000, 0.000000, 0.000000, 0.000000, 0.000000, 0.000000, 0.000000, 0.000000, 0.000000
0.163107, 0.000000, 0.000000, 0.014025, 0.000000, 0.000000, 0.000000, 0.000000, 0.000000, 0.000000, 0.000000, 0.000000, 0.000000, 0.000000, 0.000000, 0.000000, 0.000000, 0.000000, 0.000000, 0.000000, 0.000000, 0.000000, 0.000000, 0.000000, 0.000000, 0.000000, 0.000000, 0.000000, 0.000000, 0.000000, 0.000000, 0.000000, 0.000000, 0.000000, 0.000000, 0.000000, 0.000000, 0.000000, 0.000000, 0.000000

Channel 2:
0.000000, 2.513112, 1.690351, 0.000000, 0.000000, 0.292405, 0.576437, 0.515174, 0.415871, 0.461554, 0.461554, 0.461554, 0.461554, 0.461554, 0.461554, 0.461554, 0.461554, 0.542536, 0.556272, 0.648014, 0.694821, 0.595988, 0.456666, 0.359275, 0.145865, 0.135865, 0.343044, 0.265334, 0.104099, 0.254261, 0.245679, 0.218317, 0.339556, 0.150450, 0.165362, 0.483654, 0.168413, 0.469852, 0.549572, 0.637531
0.000000, 2.217571, 1.419857, 0.000000, 0.000000, 0.465042, 0.461554, 0.461554, 0.461554, 0.461554, 0.461554, 0.461554, 0.461554, 0.461554, 0.461554, 0.461554, 0.461554, 0.561231, 0.745672, 0.395060, 0.897872, 0.743987, 0.532788, 0.000000, 0.000000, 0.215429, 0.611210, 0.471433, 0.746614, 0.691819, 0.510952, 0.430702, 0.307609, 0.375770, 0.308433, 0.287745, 0.315825, 0.643896, 0.705078, 0.960094
0.000000, 2.006499, 1.390622, 0.000000, 0.000000, 0.415871, 0.461554, 0.461554, 0.461554, 0.461554, 0.461554, 0.461554, 0.446348, 0.496187, 0.292405, 0.446348, 0.496187, 0.373387, 0.475291, 0.703542, 0.314666, 0.852961, 0.000000, 0.000000, 0.000000, 0.000000, 0.423732, 0.567426, 0.690976, 0.738973, 0.608610, 0.537876, 0.587713, 0.459851, 0.579400, 0.361508, 0.414129, 0.271883, 0.622495, 0.761336
0.000000, 1.972598, 1.232367, 0.000000, 0.000000, 0.292405, 0.461554, 0.461554, 0.461554, 0.461554, 0.461554, 0.461554, 0.527329, 0.410247, 0.295893, 0.542536, 0.375614, 0.564719, 0.615583, 0.431592, 1.730843, 3.967817, 0.000000, 0.000000, 0.000000, 0.000000, 0.000000, 0.422131, 0.459897, 0.581520, 0.719253, 0.453477, 0.931709, 0.982572, 0.447521, 0.364290, 0.475665, 0.419445, 0.160781, 0.907341
0.000000, 2.102687, 1.285255, 0.000000, 0.000000, 0.465042, 0.461554, 0.461554, 0.461554, 0.446348, 0.496187, 0.292405, 0.657419, 0.414028, 0.438786, 0.441921, 0.330819, 0.516279, 0.406550, 1.188485, 6.804176, 13.809705, 0.000000, 0.000000, 0.000000, 0.000000, 0.000000, 0.212725, 0.382403, 0.682666, 0.389079, 0.449565, 0.485156, 0.509943, 0.574969, 0.473438, 0.314810, 0.298579, 0.368940, 0.742348
0.000000, 1.991293, 1.325579, 0.000000, 0.000000, 0.246721, 0.461554, 0.446348, 0.496187, 0.373387, 0.375614, 0.465042, 0.576437, 0.596156, 0.410912, 0.363896, 0.565451, 0.406550, 0.579273, 1.543110, 12.686455, 20.928486, 6.849221, 0.000000, 0.000000, 0.000000, 0.000000, 0.235200, 0.390986, 0.548064, 0.387125, 0.184361, 0.513412, 0.564805, 0.314810, 0.379561, 0.478865, 0.318298, 0.279884, 0.637045
0.000000, 2.038373, 1.084872, 0.000000, 0.000000, 0.465042, 0.461554, 0.542536, 0.360407, 0.614558, 0.330819, 0.450504, 0.292405, 0.561231, 0.664690, 0.366117, 0.545222, 0.559846, 0.527899, 1.884251, 14.951177, 21.397989, 6.759663, 0.000000, 0.000000, 0.000000, 0.000000, 0.310090, 0.218349, 0.448388, 0.317566, 0.688271, 0.314810, 0.379561, 0.494071, 0.398548, 0.602330, 0.433181, 0.352199, 0.880439
0.000000, 2.237727, 1.372772, 0.000000, 0.000000, 0.400664, 0.496187, 0.407288, 0.596156, 0.329930, 0.530818, 0.410247, 0.295893, 0.542536, 0.360407, 0.695540, 0.440743, 0.717214, 0.667460, 1.835079, 15.017517, 21.798714, 7.116105, 0.000000, 0.000000, 0.000000, 0.000000, 0.000000, 0.471303, 0.183050, 0.404238, 0.376073, 0.494071, 0.398548, 0.521349, 0.519121, 0.429693, 0.433181, 0.333504, 0.706245
0.000000, 2.369278, 1.207871, 0.000000, 0.000000, 0.373387, 0.375614, 0.465042, 0.576437, 0.515174, 0.611735, 0.429234, 0.419359, 0.576437, 0.580950, 0.479447, 0.530172, 0.583636, 0.648473, 1.711614, 14.299834, 21.876688, 7.119223, 0.000000, 0.000000, 0.000000, 0.000000, 0.529076, 0.301557, 0.321786, 0.394767, 0.444232, 0.521349, 0.534328, 0.280177, 0.548710, 0.478865, 0.433181, 0.352199, 0.865232
0.000000, 2.761008, 0.994447, 0.000000, 0.000000, 0.410776, 0.515174, 0.415871, 0.461554, 0.461554, 0.576437, 0.515174, 0.415871, 0.461554, 0.642213, 0.448661, 0.465501, 0.541152, 0.562532, 1.715102, 14.005754, 21.699152, 6.921467, 0.000000, 0.000000, 0.000000, 0.000000, 0.306975, 0.352285, 0.233555, 0.317566, 0.688271, 0.330016, 0.279152, 0.714527, 0.564209, 0.602330, 0.433181, 0.318298, 0.806653
0.000000, 3.036393, 1.112671, 0.000000, 0.000000, 0.235003, 0.496187, 0.292405, 0.461554, 0.446348, 0.496187, 0.292405, 0.461554, 0.446348, 0.676846, 0.360493, 0.379561, 0.674729, 0.581520, 1.853774, 14.263172, 21.715408, 7.051907, 0.000000, 0.000000, 0.000000, 0.000000, 0.262562, 0.350729, 0.355688, 0.404238, 0.376073, 0.397883, 0.338463, 0.346398, 0.730466, 0.429693, 0.433181, 0.417975, 1.009790
0.000000, 2.763035, 1.439758, 0.000000, 0.000000, 0.315985, 0.410247, 0.280687, 0.480981, 0.408020, 0.206464, 0.465042, 0.461554, 0.542536, 0.571479, 0.613381, 0.602330, 0.532858, 0.702093, 1.584949, 14.532531, 21.735952, 6.957051, 0.000000, 0.000000, 0.000000, 0.000000, 0.424973, 0.271969, 0.287821, 0.344928, 0.648014, 0.318298, 0.198902, 0.361668, 0.590905, 0.494071, 0.398548, 0.683312, 0.889217
0.000000, 2.580349, 1.107017, 0.000000, 0.000000, 0.600017, 0.463867, 0.331191, 0.456595, 0.493985, 0.503456, 0.450504, 0.292405, 0.561231, 0.649484, 0.530840, 0.410266, 0.633473, 0.731682, 1.600219, 14.308499, 21.662239, 7.341034, 0.000000, 0.000000, 0.000000, 0.000000, 0.001380, 0.267520, 0.352199, 0.519121, 0.429693, 0.433181, 0.237316, 0.480708, 0.455950, 0.486716, 0.688271, 0.544576, 1.013571
0.000000, 2.825321, 1.179624, 0.000000, 0.000000, 0.611735, 0.429234, 0.534242, 0.630057, 0.469491, 0.496852, 0.375614, 0.465042, 0.527329, 0.491228, 0.309630, 0.668179, 0.661659, 0.766607, 1.704051, 13.985390, 21.892332, 6.826611, 0.000000, 0.000000, 0.000000, 0.000000, 0.193005, 0.390986, 0.318298, 0.379561, 0.478865, 0.433181, 0.318298, 0.313786, 0.449190, 0.569899, 0.376073, 0.478865, 1.056139
0.000000, 2.759546, 1.230931, 0.000000, 0.000000, 0.576437, 0.515174, 0.415871, 0.461554, 0.461554, 0.561231, 0.534601, 0.281354, 0.488270, 0.544117, 0.538754, 0.349357, 0.691843, 0.739330, 1.583478, 14.232030, 21.388741, 7.605040, 0.000000, 0.000000, 0.000000, 0.000000, 0.264407, 0.218349, 0.433181, 0.433181, 0.433181, 0.448388, 0.398548, 0.421672, 0.315985, 0.606112, 0.444232, 0.587124, 1.124673
0.000000, 2.548475, 1.297885, 0.000000, 0.000000, 0.292405, 0.461554, 0.461554, 0.461554, 0.461554, 0.542536, 0.456595, 0.379102, 0.579925, 0.515174, 0.596529, 0.544849, 0.525586, 0.930662, 1.772878, 13.999798, 22.062510, 7.454035, 0.000000, 0.000000, 0.000000, 0.051592, 0.135897, 0.436669, 0.433181, 0.433181, 0.433181, 0.352199, 0.519121, 0.233828, 0.465501, 0.409601, 0.484488, 0.679824, 0.874010
0.000000, 2.514574, 1.158324, 0.000000, 0.000000, 0.465042, 0.461554, 0.461554, 0.446348, 0.480981, 0.441921, 0.445702, 0.504124, 0.246721, 0.446348, 0.676846, 0.394395, 0.699780, 0.693646, 1.517703, 13.905353, 21.706009, 8.313364, 0.000000, 0.000000, 0.000000, 0.047372, 0.444606, 0.387498, 0.448388, 0.398548, 0.617537, 0.298871, 0.514077, 0.533131, 0.379561, 0.283000, 0.480708, 0.570833, 1.244275
0.000000, 2.675076, 1.123251, 0.000000, 0.000000, 0.415871, 0.461554, 0.446348, 0.577169, 0.272240, 0.413735, 0.376875, 0.360407, 0.484469, 0.392813, 0.421756, 0.363981, 0.575426, 0.742086, 1.726735, 13.489619, 22.160702, 8.806860, 0.000000, 0.000000, 0.000000, 0.098746, 0.218349, 0.433181, 0.352199, 0.534328, 0.314078, 0.622495, 0.496206, 0.579415, 0.567697, 0.487447, 0.298579, 0.483823, 1.172492
0.000000, 2.447337, 1.250251, 0.000000, 0.000000, 0.461554, 0.446348, 0.577169, 0.321348, 0.714527, 0.383550, 0.519036, 0.630789, 0.241763, 0.574967, 0.613381, 0.617537, 0.498225, 0.871242, 1.419496, 12.918765, 22.200554, 8.979128, 0.000000, 0.000000, 0.000000, 0.000000, 0.436669, 0.433181, 0.333504, 0.279152, 0.584438, 0.349357, 0.445409, 0.460908, 0.650149, 0.614048, 0.283665, 0.433827, 0.982426
0.000000, 2.021706, 1.156636, 0.000000, 0.000000, 0.461554, 0.527329, 0.509924, 0.368940, 0.381031, 0.380658, 0.312497, 0.509924, 0.483823, 0.434652, 0.515633, 0.333505, 0.604324, 0.409322, 1.234475, 12.347127, 22.185261, 9.454477, 0.000000, 0.000000, 0.000000, 0.098746, 0.218349, 0.433181, 0.352199, 0.338463, 0.442586, 0.510216, 0.333418, 0.465042, 0.642213, 0.563544, 0.519121, 0.429693, 0.894175
0.000000, 1.891616, 1.171550, 0.000000, 0.000000, 0.327038, 0.457857, 0.549069, 0.130162, 0.126006, 0.248806, 0.361462, 0.210771, 0.114955, 0.160639, 0.275522, 0.295241, 0.420745, 0.476010, 1.164094, 12.313446, 22.084620, 9.109201, 0.000000, 0.000000, 0.000000, 0.128334, 0.267520, 0.433181, 0.318298, 0.183696, 0.430203, 0.480335, 0.334975, 0.231515, 0.692052, 0.341066, 0.529283, 0.628587, 1.009996
0.000000, 2.003010, 0.916667, 0.000000, 0.026345, 0.194746, 0.730903, 0.524478, 0.031857, 0.367929, 0.163617, 0.228368, 0.312465, 0.316621, 0.097633, 0.301415, 0.262355, 0.396226, 0.639087, 1.215623, 11.944046, 21.927427, 8.869247, 0.000000, 0.000000, 0.000000, 0.178466, 0.221837, 0.433181, 0.433181, 0.318298, 0.279884, 0.275728, 0.413735, 0.376875, 0.490497, 0.633546, 0.569168, 0.603801, 0.991833
0.000000, 1.940724, 1.080613, 0.000000, 0.000000, 0.573388, 0.652919, 0.541263, 0.462563, 0.366394, 0.415859, 0.573958, 0.500996, 0.299441, 0.623794, 0.584205, 0.287723, 0.562239, 0.620100, 1.321923, 12.366985, 21.944584, 7.939112, 0.000000, 0.000000, 0.000000, 0.055001, 0.221837, 0.433181, 0.433181, 0.433181, 0.367406, 0.499695, 0.368344, 0.568875, 0.346025, 0.415871, 0.527329, 0.476022, 0.786561
0.000000, 1.807146, 0.818897, 0.000000, 0.007806, 0.510589, 0.877780, 0.736287, 0.505359, 0.473549, 0.640471, 0.551043, 0.588432, 0.613110, 0.706183, 0.638564, 0.648408, 0.571135, 0.683882, 1.444722, 13.175029, 21.522238, 7.526888, 0.000000, 0.000000, 0.000000, 0.058489, 0.221837, 0.448388, 0.398548, 0.617537, 0.217890, 0.519036, 0.630789, 0.160781, 0.465042, 0.461554, 0.642213, 0.644526, 0.779292
0.000000, 1.856253, 1.053914, 0.000000, 0.096347, 0.745672, 0.395060, 0.732420, 0.582258, 0.590840, 0.636897, 0.786040, 0.421691, 0.537220, 0.682580, 0.655951, 0.502381, 0.812756, 0.669707, 1.900770, 13.791568, 21.691214, 6.967148, 0.000000, 0.000000, 0.000000, 0.181955, 0.221837, 0.352199, 0.519121, 0.363918, 0.303830, 0.496852, 0.490497, 0.518663, 0.400664, 0.480981, 0.507696, 0.475376, 0.860274
0.000000, 1.690801, 0.935986, 0.000000, 0.108797, 0.321348, 0.714527, 0.483227, 0.607289, 0.449858, 0.481000, 0.533067, 0.418713, 0.584374, 0.665356, 0.564209, 0.602330, 0.467083, 0.753400, 1.846797, 14.506474, 21.176487, 9.723661, 0.000000, 0.000000, 0.000000, 0.128627, 0.425619, 0.149149, 0.379561, 0.298206, 0.250210, 0.576437, 0.499968, 0.450504, 0.358180, 0.491228, 0.405818, 0.613381, 1.159512
0.000000, 1.413954, 0.939364, 0.000000, 0.067808, 0.518663, 0.515547, 0.615583, 0.261189, 0.244586, 0.491758, 0.429234, 0.404152, 0.496187, 0.392082, 0.730466, 0.429693, 0.318298, 0.575426, 1.886863, 13.993124, 23.041277, 14.344080, 0.000000, 0.000000, 0.000000, 0.525588, 0.301557, 0.436669, 0.433181, 0.237316, 0.284843, 0.292405, 0.542536, 0.360407, 0.680334, 0.409601, 0.418713, 0.650149, 1.075042
0.000000, 1.199394, 0.797490, 0.000000, 0.077279, 0.450504, 0.358180, 0.590905, 0.494071, 0.217890, 0.534242, 0.515174, 0.496852, 0.375614, 0.530818, 0.590905, 0.478865, 0.433181, 0.548064, 1.518722, 9.899483, 20.576212, 18.202705, 2.720280, 0.000000, 0.000000, 0.502381, 0.486801, 0.387498, 0.448388, 0.298871, 0.333418, 0.449836, 0.595864, 0.461640, 0.341440, 0.452149, 0.284843, 0.473063, 1.005843
0.000000, 1.118413, 0.883430, 0.000000, 0.139274, 0.241098, 0.491758, 0.609892, 0.536555, 0.303830, 0.415871, 0.461554, 0.561231, 0.549807, 0.442586, 0.625099, 0.567697, 0.602330, 0.433181, 0.858812, 3.886794, 10.136094, 9.828777, 2.466517, 0.000000, 0.000000, 0.433181, 0.448388, 0.398548, 0.536555, 0.418713, 0.454284, 0.516279, 0.322079, 0.324836, 0.714527, 0.464532, 0.333418, 0.645701, 1.021049
0.000000, 1.003530, 0.845016, 0.000000, 0.352572, 0.263573, 0.534242, 0.711039, 0.383550, 0.419359, 0.461554, 0.461554, 0.542536, 0.375614, 0.564719, 0.664690, 0.496206, 0.579415, 0.567697, 0.717214, 0.716568, 1.658777, 1.566584, 0.721661, 0.178735, 0.352865, 0.617537, 0.317566, 0.688271, 0.249034, 0.250210, 0.542536, 0.556272, 0.582238, 0.303830, 0.515547, 0.649484, 0.319768, 0.462013, 0.770918
0.000000, 1.003530, 0.748828, 0.113952, 0.117940, 0.472979, 0.415871, 0.576437, 0.515174, 0.415871, 0.461554, 0.461554, 0.576437, 0.515174, 0.496852, 0.375614, 0.579925, 0.630057, 0.665356, 0.564209, 0.617537, 0.332773, 0.538754, 0.545222, 0.397883, 0.534328, 0.314078, 0.588594, 0.341440, 0.452149, 0.284843, 0.407288, 0.711039, 0.383550, 0.419359, 0.527329, 0.476022, 0.310361, 0.425244, 0.644317
0.000000, 0.988323, 0.749560, 0.000000, 0.138169, 0.415871, 0.461554, 0.461554, 0.461554, 0.461554, 0.461554, 0.461554, 0.461554, 0.461554, 0.576437, 0.499968, 0.450504, 0.292405, 0.576437, 0.695833, 0.533067, 0.303830, 0.611735, 0.609892, 0.502653, 0.279152, 0.584438, 0.464240, 0.564805, 0.330016, 0.149063, 0.484469, 0.441921, 0.330819, 0.450504, 0.488270, 0.625099, 0.567697, 0.602330, 0.679615
0.000000, 1.069305, 0.778503, 0.000000, 0.038865, 0.461554, 0.461554, 0.461554, 0.461554, 0.461554, 0.461554, 0.461554, 0.461554, 0.461554, 0.461554, 0.542536, 0.375614, 0.465042, 0.461554, 0.657419, 0.429234, 0.404152, 0.595864, 0.576523, 0.314078, 0.507612, 0.442586, 0.510216, 0.529283, 0.532399, 0.573388, 0.276396, 0.209953, 0.530818, 0.410247, 0.410776, 0.630057, 0.665356, 0.564209, 0.978854
0.000000, 1.184188, 0.847329, 0.000000, 0.208014, 0.461554, 0.461554, 0.461554, 0.461554, 0.461554, 0.461554, 0.461554, 0.461554, 0.461554, 0.461554, 0.576437, 0.515174, 0.400664, 0.496187, 0.392082, 0.549807, 0.327703, 0.456595, 0.493985, 0.599644, 0.329930, 0.579925, 0.614851, 0.619007, 0.381323, 0.525795, 0.547605, 0.472979, 0.611735, 0.429234, 0.419359, 0.461554, 0.576437, 0.711039, 0.859751
0.000000, 1.184188, 0.751141, 0.000000, 0.035377, 0.461554, 0.461554, 0.461554, 0.461554, 0.461554, 0.461554, 0.461554, 0.461554, 0.461554, 0.461554, 0.461554, 0.461554, 0.542536, 0.375614, 0.546024, 0.360407, 0.614558, 0.460908, 0.454284, 0.565387, 0.346025, 0.400664, 0.577169, 0.206464, 0.579925, 0.630057, 0.469491, 0.415871, 0.576437, 0.515174, 0.415871, 0.446348, 0.480981, 0.426715, 0.741975
0.000000, 1.168982, 0.751873, 0.000000, 0.084549, 0.461554, 0.461554, 0.461554, 0.461554, 0.461554, 0.461554, 0.461554, 0.461554, 0.461554, 0.461554, 0.461554, 0.461554, 0.561231, 0.549807, 0.361605, 0.596156, 0.329930, 0.465042, 0.542536, 0.375614, 0.465042, 0.542536, 0.490497, 0.518663, 0.415871, 0.461554, 0.461554, 0.461554, 0.461554, 0.461554, 0.461554, 0.542536, 0.456595, 0.460084, 0.725213
0.000000, 1.265170, 0.746183, 0.000000, 0.038865, 0.461554, 0.461554, 0.461554, 0.461554, 0.461554, 0.461554, 0.461554, 0.461554, 0.461554, 0.461554, 0.461554, 0.461554, 0.542536, 0.375614, 0.465042, 0.576437, 0.515174, 0.415871, 0.576437, 0.515174, 0.415871, 0.576437, 0.515174, 0.415871, 0.461554, 0.461554, 0.461554, 0.446348, 0.480981, 0.311832, 0.311832, 0.441921, 0.460908, 0.584374, 0.911790
0.000000, 1.299071, 0.885743, 0.000000, 0.038865, 0.446348, 0.496187, 0.292405, 0.461554, 0.461554, 0.461554, 0.461554, 0.461554, 0.461554, 0.461554, 0.461554, 0.461554, 0.576437, 0.515174, 0.415871, 0.461554, 0.461554, 0.461554, 0.461554, 0.461554, 0.461554, 0.461554, 0.461554, 0.461554, 0.461554, 0.461554, 0.461554, 0.542536, 0.441389, 0.494717, 0.290934, 0.379102, 0.449836, 0.480981, 0.803238
0.000000, 1.184188, 0.847329, 0.000000, 0.208014, 0.542536, 0.375614, 0.465042, 0.461554, 0.461554, 0.461554, 0.461554, 0.461554, 0.461554, 0.461554, 0.461554, 0.461554, 0.461554, 0.461554, 0.461554, 0.461554, 0.461554, 0.461554, 0.461554, 0.461554, 0.461554, 0.461554, 0.461554, 0.461554, 0.446348, 0.496187, 0.277198, 0.611070, 0.541890, 0.498434, 0.587862, 0.469491, 0.496852, 0.456595, 0.755625
0.000000, 1.184188, 0.766348, 0.000000, 0.204526, 0.576437, 0.515174, 0.415871, 0.446348, 0.496187, 0.292405, 0.461554, 0.461554, 0.461554, 0.461554, 0.461554, 0.461554, 0.461554, 0.461554, 0.461554, 0.461554, 0.461554, 0.461554, 0.461554, 0.461554, 0.461554, 0.461554, 0.461554, 0.461554, 0.542536, 0.375614, 0.530818, 0.410247, 0.410776, 0.515174, 0.415871, 0.461554, 0.561231, 0.649484, 0.645723

Channel 3:
0.344017, 0.000000, 0.000000, 2.544563, 1.452643, 0.000000, 0.000000, 0.000000, 0.112535, 0.000000, 0.000000, 0.000000, 0.000000, 0.000000, 0.000000, 0.000000, 0.000000, 0.000000, 0.000000, 0.000000, 0.000000, 0.000000, 0.000000, 0.000000, 0.000000, 0.000000, 0.000000, 0.000000, 0.000000, 0.000000, 0.000000, 0.000000, 0.000000, 0.000000, 0.000000, 0.000000, 0.104593, 0.028870, 0.000000, 0.000000
1.254282, 0.000000, 0.000000, 2.249565, 1.114058, 0.000000, 0.000000, 0.000000, 0.000000, 0.000000, 0.000000, 0.000000, 0.000000, 0.000000, 0.000000, 0.000000, 0.000000, 0.000000, 0.000000, 0.000000, 0.000000, 0.000000, 0.000000, 0.000000, 0.254837, 0.307375, 0.208885, 0.000000, 0.000000, 0.000000, 0.000000, 0.000000, 0.000000, 0.000000, 0.001054, 0.146895, 0.271477, 0.203145, 0.040915, 0.000000
1.448270, 0.000000, 0.000000, 1.981210, 1.122543, 0.112535, 0.000000, 0.000000, 0.000000, 0.000000, 0.000000, 0.000000, 0.000000, 0.000000, 0.000000, 0.000000, 0.000000, 0.000000, 0.000000, 0.000000, 0.000000, 0.000000, 0.000000, 0.000000, 2.698033, 1.700249, 0.109706, 0.180289, 0.000000, 0.000000, 0.000000, 0.069774, 0.085240, 0.060108, 0.099458, 0.103606, 0.422215, 0.129667, 0.017528, 0.000000
1.660935, 0.000000, 0.000000, 1.838383, 0.904237, 0.000000, 0.000000, 0.000000, 0.000000, 0.000000, 0.000000, 0.000000, 0.000000, 0.000000, 0.015576, 0.000000, 0.000000, 0.000000, 0.000000, 0.000000, 0.000000, 0.000000, 0.000000, 0.000000, 7.665001, 5.087073, 0.000000, 0.053993, 0.000000, 0.000000, 0.001551, 0.132103, 0.000000, 0.000000, 0.484794, 0.301414, 0.063199, 0.139531, 0.177605, 0.000000
1.731846, 0.000000, 0.000000, 2.061418, 1.087941, 0.000000, 0.000000, 0.000000, 0.000000, 0.000000, 0.000000, 0.000000, 0.000000, 0.000000, 0.000000, 0.000000, 0.000000, 0.000000, 0.000000, 0.000000, 0.000000, 0.000000, 0.000000, 0.000000, 20.329752, 12.835544, 0.136720, 0.000000, 0.000000, 0.000000, 0.028819, 0.123919, 0.171748, 0.000000, 0.000000, 0.055390, 0.000000, 0.000000, 0.000000, 0.000000
1.881041, 0.000000, 0.000000, 1.895119, 0.888204, 0.157329, 0.000000, 0.000000, 0.000000, 0.000000, 0.000000, 0.000000, 0.000000, 0.000000, 0.100485, 0.000000, 0.000000, 0.000000, 0.000000, 0.000000, 0.000000, 0.000000, 0.000000, 3.718248, 29.754686, 21.983309, 0.551796, 0.009069, 0.101785, 0.000000, 0.169892, 0.196792, 0.000000, 0.000000, 0.000000, 0.000000, 0.000000, 0.017331, 0.149723, 0.000000
2.067588, 0.000000, 0.000000, 1.977494, 0.964864, 0.000000, 0.000000, 0.000000, 0.000000, 0.000000, 0.000000, 0.090861, 0.000000, 0.000000, 0.000000, 0.000000, 0.000000, 0.000000, 0.000000, 0.000000, 0.000000, 0.000000, 0.000000, 3.115589, 29.964975, 23.546814, 0.574808, 0.134989, 0.120461, 0.050272, 0.000000, 0.000000, 0.000000, 0.000000, 0.000000, 0.000000, 0.000000, 0.000000, 0.000000, 0.000000
1.925835, 0.000000, 0.000000, 2.389239, 0.891202, 0.000000, 0.000000, 0.000000, 0.000000, 0.132811, 0.000000, 0.000000, 0.015576, 0.000000, 0.000000, 0.000000, 0.000000, 0.000000, 0.000000, 0.000000, 0.000000, 0.000000, 0.000000, 4.209286, 29.893679, 22.821283, 0.791495, 0.069173, 0.000000, 0.000000, 0.000000, 0.000000, 0.000000, 0.000000, 0.000000, 0.000000, 0.000000, 0.000000, 0.159807, 0.000000
2.093705, 0.000000, 0.000000, 2.445979, 1.019872, 0.000000, 0.000000, 0.000000, 0.000000, 0.000000, 0.000000, 0.000000, 0.138652, 0.000000, 0.000000, 0.001602, 0.000000, 0.000000, 0.000000, 0.000000, 0.000000, 0.000000, 0.000000, 5.838712, 30.103085, 21.964024, 0.591363, 0.105661, 0.095943, 0.043449, 0.040188, 0.000000, 0.000000, 0.029995, 0.012888, 0.000000, 0.000000, 0.000000, 0.000000, 0.000000
2.138499, 0.000000, 0.000000, 2.801738, 0.730525, 0.000000, 0.000000, 0.112535, 0.000000, 0.000000, 0.000000, 0.000000, 0.112535, 0.000000, 0.000000, 0.000000, 0.000000, 0.000000, 0.000000, 0.000000, 0.000000, 0.000000, 0.000000, 7.719537, 29.975155, 20.262869, 0.648033, 0.014646, 0.000000, 0.262937, 0.000000, 0.000000, 0.133689, 0.094188, 0.000000, 0.000000, 0.000000, 0.000000, 0.017331, 0.000000
2.254205, 0.000000, 0.000000, 2.903646, 0.908480, 0.040971, 0.000000, 0.000000, 0.000000, 0.000000, 0.000000, 0.000000, 0.000000, 0.000000, 0.000000, 0.000000, 0.000000, 0.000000, 0.000000, 0.000000, 0.000000, 0.000000, 0.000000, 9.282467, 29.958857, 18.902433, 0.590420, 0.000000, 0.000000, 0.000000, 0.000000, 0.000000, 0.000000, 0.171857, 0.000000, 0.000000, 0.000000, 0.000000, 0.000000, 0.000000
2.519105, 0.000000, 0.000000, 2.914881, 0.908480, 0.008645, 0.000000, 0.000000, 0.000000, 0.000000, 0.009735, 0.000000, 0.000000, 0.000000, 0.000000, 0.000000, 0.000000, 0.000000, 0.000000, 0.000000, 0.000000, 0.000000, 0.000000, 11.318326, 29.980551, 17.154980, 0.380819, 0.025454, 0.130545, 0.327678, 0.000000, 0.000000, 0.017331, 0.182049, 0.000000, 0.000000, 0.000000, 0.000000, 0.000000, 0.000000
2.836170, 0.000000, 0.000000, 2.605980, 0.930154, 0.000000, 0.000000, 0.151120, 0.000000, 0.000000, 0.000000, 0.090861, 0.000000, 0.000000, 0.000000, 0.003878, 0.045828, 0.000000, 0.000000, 0.000000, 0.000000, 0.000000, 0.000000, 12.869927, 29.908045, 15.863317, 0.436354, 0.189975, 0.000000, 0.000000, 0.000000, 0.000000, 0.000000, 0.049658, 0.019911, 0.000000, 0.000000, 0.000000, 0.000000, 0.000000
2.933129, 0.000000, 0.000000, 2.929254, 0.909878, 0.000000, 0.000000, 0.029117, 0.000000, 0.122619, 0.080209, 0.000000, 0.000000, 0.000000, 0.000000, 0.000000, 0.000000, 0.000000, 0.000000, 0.000000, 0.000000, 0.000000, 0.000000, 14.795022, 29.835758, 14.205032, 0.511245, 0.203057, 0.101785, 0.017331, 0.000000, 0.000000, 0.000000, 0.017331, 0.072514, 0.000000, 0.000000, 0.000000, 0.000000, 0.000000
2.873523, 0.000000, 0.000000, 2.967877, 0.899794, 0.000000, 0.000000, 0.112535, 0.000000, 0.000000, 0.000000, 0.000000, 0.135655, 0.000000, 0.000000, 0.000000, 0.000000, 0.000000, 0.000000, 0.000000, 0.000000, 0.000000, 0.000000, 16.073616, 29.718613, 12.829511, 0.390904, 0.302860, 0.120461, 0.000000, 0.000000, 0.000000, 0.050272, 0.000000, 0.147339, 0.008645, 0.000000, 0.000000, 0.000000, 0.000000
2.873593, 0.000000, 0.000000, 2.676207, 0.878120, 0.000000, 0.000000, 0.000000, 0.000000, 0.000000, 0.000000, 0.000000, 0.000000, 0.000000, 0.000000, 0.000000, 0.000000, 0.000000, 0.000000, 0.000000, 0.000000, 0.000000, 0.000000, 17.255234, 29.804771, 11.740760, 0.555710, 0.166855, 0.000000, 0.000000, 0.000000, 0.000000, 0.000000, 0.000000, 0.023540, 0.000000, 0.000000, 0.000000, 0.000000, 0.000000
3.384647, 0.000000, 0.000000, 2.644604, 0.920070, 0.000000, 0.000000, 0.000000, 0.000000, 0.000000, 0.000000, 0.000000, 0.100945, 0.157329, 0.000000, 0.000000, 0.000000, 0.000000, 0.000000, 0.000000, 0.000000, 0.000000, 0.000000, 17.965769, 29.789366, 11.191405, 0.474057, 0.111869, 0.075667, 0.050272, 0.000000, 0.005478, 0.181481, 0.000000, 0.000000, 0.000000, 0.000000, 0.019911, 0.000000, 0.000000
3.470300, 0.000000, 0.000000, 2.622557, 0.865084, 0.112535, 0.000000, 0.000000, 0.000000, 0.000000, 0.000000, 0.000000, 0.000000, 0.000000, 0.000000, 0.000000, 0.000000, 0.000000, 0.000000, 0.000000, 0.000000, 0.000000, 0.000000, 18.643978, 29.871441, 10.425736, 0.373771, 0.120461, 0.000000, 0.000000, 0.029995, 0.000000, 0.017528, 0.025552, 0.001034, 0.000000, 0.000000, 0.000000, 0.000000, 0.000000
3.127047, 0.000000, 0.000000, 2.566994, 0.873676, 0.000000, 0.000000, 0.000000, 0.000000, 0.000000, 0.142896, 0.000000, 0.000000, 0.145279, 0.000000, 0.000000, 0.005478, 0.000000, 0.000000, 0.000000, 0.000000, 0.000000, 0.000000, 19.497602, 29.897419, 10.078269, 0.405638, 0.000000, 0.000000, 0.159807, 0.094188, 0.000000, 0.000000, 0.000000, 0.000000, 0.000000, 0.000000, 0.039005, 0.000000, 0.000000
2.171988, 0.000000, 0.000000, 2.069131, 0.687129, 0.000000, 0.000000, 0.000000, 0.000000, 0.000000, 0.000000, 0.000000, 0.000000, 0.000000, 0.000000, 0.000000, 0.000000, 0.000000, 0.000000, 0.000000, 0.000000, 0.000000, 0.000000, 20.273407, 29.861164, 9.283990, 0.373771, 0.120461, 0.000000, 0.000000, 0.171857, 0.015467, 0.000000, 0.158929, 0.000000, 0.000000, 0.000000, 0.000000, 0.000000, 0.000000
1.996676, 0.000000, 0.000000, 1.793386, 0.664732, 0.000000, 0.000000, 0.000000, 0.030367, 0.000000, 0.000000, 0.000000, 0.000000, 0.000000, 0.000000, 0.000000, 0.000000, 0.000000, 0.000000, 0.000000, 0.000000, 0.000000, 0.000000, 20.238623, 29.815777, 8.812213, 0.339170, 0.000000, 0.000000, 0.017331, 0.039573, 0.000000, 0.000000, 0.145739, 0.014853, 0.000000, 0.000000, 0.017068, 0.000000, 0.000000
1.687052, 0.000000, 0.000000, 1.709180, 0.582494, 0.000000, 0.000000, 0.000000, 0.000000, 0.000000, 0.000000, 0.000000, 0.000000, 0.000000, 0.000000, 0.000000, 0.000000, 0.000000, 0.000000, 0.000000, 0.000000, 0.000000, 0.000000, 19.725546, 29.790583, 8.507231, 0.323136, 0.146579, 0.000000, 0.000000, 0.017331, 0.149723, 0.000000, 0.000000, 0.000000, 0.000000, 0.000000, 0.000000, 0.000000, 0.000000
1.810129, 0.000000, 0.000000, 1.860599, 0.413243, 0.000000, 0.000000, 0.000000, 0.000000, 0.003320, 0.000000, 0.000000, 0.000000, 0.055355, 0.000000, 0.000000, 0.000000, 0.000000, 0.000000, 0.000000, 0.000000, 0.000000, 0.000000, 18.698349, 29.834345, 9.411926, 0.200060, 0.146579, 0.000000, 0.000000, 0.000000, 0.082598, 0.051669, 0.000420, 0.007443, 0.000000, 0.112535, 0.000000, 0.000000, 0.000000
1.784011, 0.000000, 0.000000, 1.548699, 0.470899, 0.000000, 0.000000, 0.000000, 0.132037, 0.022610, 0.000000, 0.000000, 0.000000, 0.012418, 0.002225, 0.000000, 0.147963, 0.000000, 0.000000, 0.000000, 0.000000, 0.000000, 0.000000, 17.198837, 29.783222, 10.618672, 0.226177, 0.146579, 0.050272, 0.000000, 0.005478, 0.213807, 0.000000, 0.000000, 0.177605, 0.000000, 0.000000, 0.000000, 0.000000, 0.000000
1.616141, 0.000000, 0.000000, 1.786952, 0.364206, 0.000000, 0.000000, 0.000000, 0.000000, 0.205107, 0.000000, 0.000000, 0.249901, 0.195023, 0.000000, 0.000000, 0.000000, 0.000000, 0.000000, 0.000000, 0.000000, 0.000000, 0.000000, 15.821420, 29.838036, 11.579514, 0.349254, 0.146579, 0.000000, 0.000000, 0.056480, 0.193531, 0.080209, 0.000000, 0.000000, 0.000000, 0.000000, 0.000000, 0.000000, 0.000000
1.616141, 0.000000, 0.000000, 1.340623, 0.536099, 0.000000, 0.000000, 0.000000, 0.000000, 0.036204, 0.000000, 0.011686, 0.083996, 0.013084, 0.000000, 0.000000, 0.000000, 0.000000, 0.000000, 0.000000, 0.000000, 0.000000, 0.000000, 15.352885, 30.117546, 12.731260, 0.202334, 0.080111, 0.062126, 0.000000, 0.024263, 0.183446, 0.000000, 0.000000, 0.090861, 0.000000, 0.000000, 0.000000, 0.000000, 0.000000
1.571347, 0.000000, 0.000000, 1.220582, 0.332970, 0.000000, 0.000000, 0.000000, 0.000000, 0.014178, 0.000000, 0.000000, 0.000000, 0.000000, 0.000000, 0.000000, 0.000000, 0.017331, 0.000000, 0.000000, 0.000000, 0.000000, 0.000000, 18.783875, 28.393946, 12.046668, 0.079543, 0.095943, 0.000000, 0.000000, 0.049658, 0.161772, 0.000000, 0.000000, 0.000000, 0.000000, 0.000000, 0.083996, 0.000000, 0.000000
1.545229, 0.000000, 0.000000, 0.762838, 0.289837, 0.090861, 0.000000, 0.000000, 0.000000, 0.213807, 0.029117, 0.000000, 0.080209, 0.000000, 0.000000, 0.000000, 0.000000, 0.000000, 0.000000, 0.000000, 0.000000, 0.000000, 0.000000, 18.615423, 23.863361, 9.859667, 0.000000, 0.000000, 0.075667, 0.050272, 0.181481, 0.158929, 0.000000, 0.000000, 0.000000, 0.000000, 0.000000, 0.161772, 0.000000, 0.000000
1.377358, 0.000000, 0.000000, 0.703780, 0.225753, 0.000000, 0.000000, 0.000000, 0.037804, 0.193531, 0.112535, 0.000000, 0.000000, 0.000000, 0.015467, 0.000000, 0.000000, 0.000000, 0.000000, 0.000000, 0.000000, 0.000000, 0.000000, 10.111819, 11.001427, 3.123456, 0.000000, 0.050272, 0.000000, 0.037804, 0.083996, 0.000000, 0.000000, 0.000000, 0.000000, 0.000000, 0.110570, 0.158929, 0.000000, 0.000000
1.332564, 0.000000, 0.000000, 0.525257, 0.234176, 0.045937, 0.029117, 0.000000, 0.142896, 0.138652, 0.000000, 0.000000, 0.000000, 0.000000, 0.000000, 0.000000, 0.025552, 0.001034, 0.000000, 0.000000, 0.000000, 0.000000, 0.000000, 1.482487, 1.209333, 0.097341, 0.005478, 0.000000, 0.000000, 0.166016, 0.183446, 0.000000, 0.000000, 0.000000, 0.193531, 0.000000, 0.000000, 0.003263, 0.000000, 0.000000
1.261652, 0.000000, 0.000000, 0.516247, 0.316937, 0.148737, 0.112535, 0.000000, 0.000000, 0.112535, 0.000000, 0.000000, 0.000000, 0.000000, 0.080209, 0.000000, 0.000000, 0.000000, 0.000000, 0.000000, 0.005478, 0.104272, 0.000000, 0.000000, 0.000000, 0.029995, 0.000000, 0.094737, 0.000000, 0.000000, 0.161772, 0.000000, 0.000000, 0.142896, 0.138652, 0.000000, 0.000000, 0.000000, 0.000000, 0.000000
1.112458, 0.000000, 0.000000, 0.603559, 0.264443, 0.112535, 0.000000, 0.000000, 0.000000, 0.000000, 0.000000, 0.000000, 0.000000, 0.000000, 0.000000, 0.000000, 0.090861, 0.000000, 0.000000, 0.000000, 0.011686, 0.193531, 0.000000, 0.000000, 0.115013, 0.094188, 0.000000, 0.000000, 0.000000, 0.133689, 0.061247, 0.000000, 0.000000, 0.000000, 0.090861, 0.000000, 0.000000, 0.000000, 0.000000, 0.000000
0.970705, 0.000000, 0.000000, 0.749297, 0.422229, 0.000000, 0.000000, 0.000000, 0.000000, 0.000000, 0.000000, 0.000000, 0.000000, 0.000000, 0.000000, 0.000000, 0.000000, 0.000000, 0.000000, 0.000000, 0.000000, 0.000000, 0.000000, 0.000000, 0.000000, 0.127063, 0.015467, 0.000000, 0.017068, 0.000000, 0.000000, 0.123605, 0.035852, 0.000000, 0.000000, 0.000000, 0.000000, 0.000000, 0.000000, 0.000000
1.138576, 0.000000, 0.000000, 0.938841, 0.377435, 0.000000, 0.000000, 0.000000, 0.000000, 0.000000, 0.000000, 0.000000, 0.000000, 0.000000, 0.000000, 0.000000, 0.000000, 0.000000, 0.000000, 0.000000, 0.000000, 0.125003, 0.000000, 0.000000, 0.000000, 0.132811, 0.000000, 0.000000, 0.000000, 0.135087, 0.000000, 0.000000, 0.148737, 0.000000, 0.000000, 0.138652, 0.000000, 0.000000, 0.000000, 0.000000
1.138576, 0.000000, 0.000000, 0.896891, 0.396111, 0.000000, 0.000000, 0.000000, 0.000000, 0.000000, 0.000000, 0.000000, 0.000000, 0.000000, 0.000000, 0.000000, 0.000000, 0.000000, 0.000000, 0.000000, 0.000000, 0.000000, 0.000000, 0.000000, 0.000000, 0.000000, 0.000000, 0.000000, 0.009735, 0.000000, 0.000000, 0.122619, 0.112535, 0.000000, 0.000000, 0.112535, 0.000000, 0.000000, 0.000000, 0.000000
1.093782, 0.000000, 0.000000, 0.951877, 0.254358, 0.000000, 0.000000, 0.000000, 0.000000, 0.000000, 0.000000, 0.000000, 0.000000, 0.000000, 0.000000, 0.000000, 0.000000, 0.000000, 0.000000, 0.047793, 0.000000, 0.132811, 0.000000, 0.000000, 0.000000, 0.000000, 0.000000, 0.000000, 0.000000, 0.112535, 0.000000, 0.000000, 0.000000, 0.000000, 0.000000, 0.000000, 0.000000, 0.000000, 0.000000, 0.000000
1.112458, 0.000000, 0.000000, 0.943285, 0.422229, 0.000000, 0.000000, 0.000000, 0.000000, 0.000000, 0.000000, 0.000000, 0.000000, 0.000000, 0.000000, 0.000000, 0.000000, 0.000000, 0.000000, 0.000000, 0.000000, 0.000000, 0.112535, 0.000000, 0.000000, 0.112535, 0.000000, 0.000000, 0.112535, 0.000000, 0.000000, 0.000000, 0.000000, 0.000000, 0.000000, 0.000000, 0.000000, 0.000000, 0.013084, 0.000000
0.925911, 0.000000, 0.000000, 1.085038, 0.422229, 0.000000, 0.000000, 0.000000, 0.000000, 0.000000, 0.000000, 0.000000, 0.000000, 0.000000, 0.000000, 0.000000, 0.000000, 0.000000, 0.000000, 0.112535, 0.000000, 0.000000, 0.000000, 0.000000, 0.000000, 0.000000, 0.000000, 0.000000, 0.000000, 0.000000, 0.000000, 0.000000, 0.000000, 0.000000, 0.000000, 0.003526, 0.000000, 0.000000, 0.000000, 0.000000
1.067664, 0.000000, 0.000000, 0.938841, 0.377435, 0.000000, 0.000000, 0.000000, 0.000000, 0.000000, 0.000000, 0.000000, 0.000000, 0.000000, 0.000000, 0.000000, 0.000000, 0.000000, 0.000000, 0.000000, 0.000000, 0.000000, 0.000000, 0.000000, 0.000000, 0.000000, 0.000000, 0.000000, 0.000000, 0.000000, 0.000000, 0.000000, 0.000000, 0.000000, 0.033360, 0.039202, 0.122619, 0.080209, 0.000000, 0.000000
0.944588, 0.000000, 0.000000, 0.918565, 0.351317, 0.000000, 0.000000, 0.112535, 0.000000, 0.000000, 0.000000, 0.000000, 0.000000, 0.000000, 0.000000, 0.000000, 0.000000, 0.000000, 0.000000, 0.000000, 0.000000, 0.000000, 0.000000, 0.000000, 0.000000, 0.000000, 0.000000, 0.000000, 0.000000, 0.000000, 0.000000, 0.000000, 0.000000, 0.000000, 0.000000, 0.112535, 0.000000, 0.000000, 0.000000, 0.000000

Channel 4:
0.000000, 0.516066, 0.437396, 0.546707, 0.549880, 0.225901, 0.457744, 0.376851, 0.508698, 0.363431, 0.363431, 0.363431, 0.363431, 0.363431, 0.363431, 0.363431, 0.363431, 0.305342, 0.350737, 0.318814, 0.260438, 0.199283, 0.289722, 0.000000, 0.093234, 0.000000, 0.000000, 0.068395, 0.000000, 0.029588, 0.000000, 0.000000, 0.004461, 0.000000, 0.007357, 0.036302, 0.167362, 0.272461, 0.429677, 0.411138
0.000000, 0.429777, 0.291835, 0.398366, 0.413193, 0.339075, 0.363431, 0.363431, 0.363431, 0.363431, 0.363431, 0.363431, 0.363431, 0.363431, 0.363431, 0.363431, 0.363431, 0.413496, 0.392088, 0.371893, 0.550370, 0.001951, 0.000000, 0.000000, 0.000000, 0.403386, 0.769180, 0.433612, 0.618743, 0.617442, 0.411308, 0.296008, 0.195122, 0.144625, 0.164178, 0.444717, 0.547325, 0.839022, 0.752518, 0.830642
0.101827, 0.349305, 0.275939, 0.276010, 0.318109, 0.508698, 0.363431, 0.363431, 0.363431, 0.363431, 0.363431, 0.363431, 0.319183, 0.342444, 0.225901, 0.319183, 0.342444, 0.167812, 0.408826, 0.234989, 0.000000, 0.000000, 0.000000, 0.000000, 0.000000, 0.000000, 0.690349, 0.713881, 0.716793, 0.559290, 0.484581, 0.524159, 0.462702, 0.515090, 0.657646, 0.402058, 0.650396, 0.550893, 0.571088, 0.418604
0.109564, 0.196903, 0.149695, 0.000000, 0.251610, 0.225901, 0.363431, 0.363431, 0.363431, 0.363431, 0.363431, 0.363431, 0.261094, 0.337774, 0.201545, 0.305342, 0.358761, 0.389140, 0.253528, 0.000000, 0.000000, 0.000000, 0.000000, 0.000000, 0.000000, 0.000000, 0.000000, 0.450831, 0.225244, 0.327277, 0.610009, 0.585961, 1.061024, 0.925412, 0.923082, 0.627135, 0.667436, 0.281156, 0.366497, 0.264939
0.000000, 0.335464, 0.336504, 0.257770, 0.437549, 0.339075, 0.363431, 0.363431, 0.363431, 0.319183, 0.342444, 0.225901, 0.399655, 0.327933, 0.419107, 0.299227, 0.195073, 0.385374, 0.147972, 0.000000, 0.000000, 0.000000, 0.000000, 0.000000, 0.000000, 0.000000, 0.000000, 0.163363, 0.258977, 0.376195, 0.632969, 0.523640, 0.545091, 0.466206, 0.535590, 0.476488, 0.256594, 0.371219, 0.149730, 0.384198
0.206119, 0.305057, 0.204888, 0.101798, 0.289386, 0.371167, 0.363431, 0.319183, 0.342444, 0.167812, 0.358761, 0.339075, 0.457744, 0.318763, 0.445939, 0.290157, 0.215752, 0.147972, 0.057961, 0.004860, 0.000000, 0.000000, 0.000000, 0.000000, 0.000000, 0.000000, 0.125373, 0.173414, 0.447462, 0.420863, 0.289906, 0.385071, 0.363483, 0.185954, 0.256594, 0.313131, 0.181284, 0.232238, 0.263066, 0.078490
0.238211, 0.094567, 0.137879, 0.000000, 0.154752, 0.339075, 0.363431, 0.305342, 0.314513, 0.412401, 0.195073, 0.487711, 0.225901, 0.413496, 0.450177, 0.282251, 0.475017, 0.123195, 0.313857, 0.225767, 0.000000, 0.000000, 0.000000, 0.000000, 0.000000, 0.000000, 0.435431, 0.302365, 0.334287, 0.370799, 0.405626, 0.468751, 0.256594, 0.313131, 0.225532, 0.347538, 0.464081, 0.326551, 0.384639, 0.315173
0.068588, 0.194696, 0.153153, 0.000000, 0.423547, 0.464450, 0.342444, 0.320213, 0.318763, 0.504028, 0.236739, 0.337774, 0.201545, 0.305342, 0.314513, 0.354312, 0.226627, 0.558394, 0.331947, 0.395390, 0.088145, 0.000000, 0.000000, 0.000000, 0.000000, 0.040772, 0.193116, 0.123483, 0.281208, 0.247109, 0.236908, 0.337487, 0.225532, 0.347538, 0.522170, 0.331221, 0.350907, 0.326551, 0.276486, 0.318070
0.213855, 0.000000, 0.268081, 0.000000, 0.445588, 0.167812, 0.358761, 0.339075, 0.457744, 0.376851, 0.544922, 0.372181, 0.484342, 0.457744, 0.274515, 0.577353, 0.206941, 0.444189, 0.297540, 0.112593, 0.000000, 0.000000, 0.000000, 0.000000, 0.000000, 0.601857, 0.350729, 0.378437, 0.467147, 0.207882, 0.357379, 0.202271, 0.522170, 0.375469, 0.277581, 0.450661, 0.181284, 0.326551, 0.384639, 0.270925
0.076324, 0.062471, 0.038867, 0.000000, 0.126029, 0.295857, 0.376851, 0.508698, 0.363431, 0.363431, 0.457744, 0.376851, 0.508698, 0.363431, 0.355407, 0.306946, 0.317801, 0.103303, 0.292870, 0.088237, 0.000000, 0.000000, 0.000000, 0.000000, 0.000000, 1.047793, 0.383564, 0.508632, 0.181454, 0.378535, 0.405626, 0.468751, 0.300842, 0.436454, 0.388719, 0.509424, 0.464081, 0.326551, 0.232238, 0.194746
0.000000, 0.383841, 0.222981, 0.486377, 0.284716, 0.302564, 0.342444, 0.225901, 0.363431, 0.319183, 0.342444, 0.225901, 0.363431, 0.319183, 0.334420, 0.111327, 0.313131, 0.217508, 0.327277, 0.415282, 0.000000, 0.000000, 0.000000, 0.000000, 0.000000, 0.491405, 0.192946, 0.101906, 0.297525, 0.360283, 0.236908, 0.337487, 0.239373, 0.339245, 0.421232, 0.347840, 0.350907, 0.326551, 0.282303, 0.281492
0.000000, 0.469611, 0.195017, 0.284384, 0.284716, 0.244475, 0.337774, 0.157297, 0.298196, 0.146825, 0.221231, 0.339075, 0.363431, 0.305342, 0.394985, 0.339801, 0.464081, 0.376615, 0.310960, 0.315948, 0.000000, 0.000000, 0.000000, 0.000000, 0.000000, 0.766517, 0.314520, 0.396677, 0.347707, 0.421753, 0.334117, 0.318814, 0.232238, 0.321155, 0.099208, 0.329750, 0.225532, 0.347538, 0.405992, 0.297809
0.139640, 0.070495, 0.145417, 0.000000, 0.305703, 0.476318, 0.351194, 0.288723, 0.300672, 0.428718, 0.308247, 0.487711, 0.225901, 0.413496, 0.405929, 0.399825, 0.416141, 0.382731, 0.430400, 0.000000, 0.000000, 0.000000, 0.000000, 0.000000, 0.000000, 1.161231, 0.141132, 0.146744, 0.164664, 0.384639, 0.331221, 0.350907, 0.326551, 0.290327, 0.362049, 0.270875, 0.543157, 0.468751, 0.445219, 0.271651
0.446793, 0.303369, 0.193244, 0.330273, 0.310373, 0.544922, 0.372181, 0.578655, 0.471164, 0.522118, 0.450609, 0.358761, 0.339075, 0.261094, 0.279685, 0.246939, 0.425821, 0.368540, 0.423928, 0.212516, 0.000000, 0.000000, 0.000000, 0.000000, 0.000000, 0.956575, 0.296009, 0.294325, 0.447462, 0.232238, 0.313131, 0.181284, 0.326551, 0.232238, 0.415467, 0.265030, 0.398794, 0.337487, 0.181284, 0.244390
0.000000, 0.405705, 0.218901, 0.397846, 0.296953, 0.457744, 0.376851, 0.508698, 0.363431, 0.363431, 0.413496, 0.311616, 0.350181, 0.262125, 0.466494, 0.395425, 0.438793, 0.164510, 0.127291, 0.228833, 0.000000, 0.000000, 0.000000, 0.000000, 0.000000, 0.796103, 0.327940, 0.447631, 0.334287, 0.326551, 0.326551, 0.326551, 0.370799, 0.347538, 0.472105, 0.244475, 0.373998, 0.202271, 0.419833, 0.375805
0.000000, 0.325233, 0.189164, 0.095157, 0.275966, 0.225901, 0.363431, 0.363431, 0.363431, 0.363431, 0.305342, 0.300672, 0.334405, 0.433388, 0.376851, 0.500674, 0.293106, 0.326094, 0.348618, 0.270184, 0.016220, 0.000000, 0.000000, 0.000000, 0.000000, 0.336836, 0.343897, 0.305261, 0.302195, 0.326551, 0.326551, 0.326551, 0.384639, 0.331221, 0.314683, 0.317801, 0.307977, 0.352208, 0.430348, 0.253561
0.000000, 0.172832, 0.171074, 0.000000, 0.292283, 0.339075, 0.363431, 0.363431, 0.319183, 0.298196, 0.299227, 0.289385, 0.501131, 0.371167, 0.319183, 0.334420, 0.263729, 0.323197, 0.272557, 0.331170, 0.000000, 0.000000, 0.000000, 0.000000, 0.000000, 0.298082, 0.541641, 0.460882, 0.471817, 0.370799, 0.347538, 0.508329, 0.297473, 0.471648, 0.224502, 0.313131, 0.145060, 0.362049, 0.365187, 0.416328
0.947056, 0.399888, 0.291702, 0.642940, 0.447903, 0.508698, 0.363431, 0.319183, 0.284356, 0.118894, 0.313418, 0.143456, 0.314513, 0.273840, 0.102577, 0.192220, 0.086971, 0.349355, 0.276323, 0.436726, 0.330827, 0.000000, 0.000000, 0.000000, 0.000000, 0.186475, 0.285745, 0.334287, 0.326551, 0.384639, 0.375469, 0.429982, 0.571088, 0.420811, 0.553672, 0.485068, 0.369768, 0.371219, 0.244043, 0.425818
1.061099, 0.618402, 0.340540, 0.742908, 0.321309, 0.363431, 0.319183, 0.284356, 0.315543, 0.388719, 0.517448, 0.534407, 0.297776, 0.308409, 0.370629, 0.339801, 0.508329, 0.397602, 0.448491, 0.368220, 0.000000, 0.000000, 0.000000, 0.000000, 0.000000, 0.386621, 0.288641, 0.302195, 0.326551, 0.276486, 0.436454, 0.250159, 0.438793, 0.274871, 0.333633, 0.514094, 0.532685, 0.253225, 0.356348, 0.188040
0.634182, 0.393553, 0.196796, 0.334361, 0.289216, 0.363431, 0.261094, 0.387839, 0.149730, 0.400245, 0.218334, 0.268831, 0.387839, 0.244043, 0.413665, 0.355577, 0.364747, 0.163650, 0.114461, 0.000000, 0.000000, 0.000000, 0.000000, 0.000000, 0.000000, 0.714256, 0.285745, 0.334287, 0.326551, 0.384639, 0.339245, 0.407391, 0.314092, 0.479672, 0.339075, 0.355407, 0.401259, 0.331221, 0.350907, 0.360568
0.400097, 0.254992, 0.314791, 0.025406, 0.393604, 0.204914, 0.173629, 0.183623, 0.060301, 0.000000, 0.066405, 0.000000, 0.000000, 0.016053, 0.000000, 0.000000, 0.000000, 0.083831, 0.000000, 0.213379, 0.000000, 0.000000, 0.000000, 0.000000, 0.000000, 0.000000, 0.405185, 0.164664, 0.326551, 0.232238, 0.276907, 0.230623, 0.268399, 0.363601, 0.326919, 0.378668, 0.176562, 0.515896, 0.384049, 0.410932
0.085208, 0.285399, 0.302029, 0.225589, 0.367357, 0.152627, 0.163480, 0.056660, 0.000000, 0.041341, 0.000000, 0.023251, 0.000000, 0.015684, 0.000000, 0.000000, 0.000000, 0.101186, 0.295067, 0.185932, 0.000000, 0.000000, 0.000000, 0.000000, 0.000000, 0.000000, 0.442961, 0.309931, 0.326551, 0.326551, 0.232238, 0.263066, 0.094538, 0.313418, 0.143456, 0.453074, 0.446808, 0.572183, 0.551196, 0.433842
0.368005, 0.451641, 0.317644, 0.404281, 0.396743, 0.374439, 0.315622, 0.177340, 0.308532, 0.320498, 0.165391, 0.427201, 0.275830, 0.350235, 0.365743, 0.408690, 0.281631, 0.358597, 0.260660, 0.091760, 0.000000, 0.000000, 0.000000, 0.000000, 0.000000, 0.000000, 0.160164, 0.309931, 0.326551, 0.326551, 0.326551, 0.428887, 0.396456, 0.473200, 0.557668, 0.239321, 0.508698, 0.261094, 0.235438, 0.151816
0.392361, 0.249175, 0.154719, 0.266920, 0.123637, 0.496004, 0.507440, 0.389615, 0.662058, 0.550524, 0.497106, 0.516791, 0.644837, 0.568615, 0.761041, 0.682613, 0.655792, 0.559722, 0.458755, 0.181673, 0.000000, 0.000000, 0.000000, 0.000000, 0.000000, 0.000000, 0.135808, 0.309931, 0.370799, 0.347538, 0.508329, 0.355561, 0.534407, 0.297776, 0.366497, 0.339075, 0.363431, 0.355407, 0.343170, 0.266255
0.247094, 0.445825, 0.332357, 0.514167, 0.501167, 0.392088, 0.371893, 0.602642, 0.499518, 0.688003, 0.724647, 0.616062, 0.550472, 0.674583, 0.579381, 0.477501, 0.566130, 0.514756, 0.601263, 0.572938, 0.000000, 0.000000, 0.000000, 0.000000, 0.000000, 0.000000, 0.418605, 0.309931, 0.384639, 0.331221, 0.453243, 0.360232, 0.450609, 0.453074, 0.352495, 0.464450, 0.298196, 0.196890, 0.205640, 0.208166
0.247094, 0.498096, 0.423669, 0.628740, 0.396383, 0.315543, 0.388719, 0.567512, 0.526840, 0.457913, 0.376564, 0.590774, 0.454544, 0.616431, 0.558342, 0.509424, 0.464081, 0.478952, 0.336617, 0.463993, 0.162727, 0.000000, 0.000000, 0.000000, 0.000000, 0.000000, 0.419700, 0.426475, 0.094708, 0.313131, 0.189308, 0.346811, 0.457744, 0.332603, 0.487711, 0.123564, 0.279685, 0.233099, 0.339801, 0.484257
0.384625, 0.519961, 0.325276, 0.504924, 0.419834, 0.352495, 0.558762, 0.253528, 0.243174, 0.175888, 0.237769, 0.372181, 0.440094, 0.342444, 0.275965, 0.347840, 0.350907, 0.232238, 0.349355, 0.405171, 3.069437, 2.746322, 7.875122, 7.601252, 6.927102, 5.023341, 0.402793, 0.467147, 0.302195, 0.326551, 0.290327, 0.325825, 0.225901, 0.305342, 0.314513, 0.310064, 0.307977, 0.454544, 0.514094, 0.566702
0.408980, 0.375583, 0.319423, 0.504322, 0.299364, 0.487711, 0.123564, 0.329750, 0.225532, 0.355561, 0.578655, 0.376851, 0.450609, 0.358761, 0.236739, 0.329750, 0.181284, 0.326551, 0.420863, 0.781646, 4.663170, 9.246799, 17.386805, 20.856459, 16.844786, 7.874613, 0.566130, 0.339971, 0.471817, 0.370799, 0.297473, 0.479672, 0.294827, 0.392509, 0.160245, 0.358473, 0.282590, 0.325825, 0.217877, 0.327123
0.263714, 0.433672, 0.324093, 0.390118, 0.206868, 0.200244, 0.237769, 0.364157, 0.566418, 0.360232, 0.508698, 0.363431, 0.413496, 0.355864, 0.407391, 0.408405, 0.485068, 0.464081, 0.326551, 0.551400, 2.886719, 6.842482, 10.871392, 12.396895, 9.840970, 3.062262, 0.326551, 0.370799, 0.347538, 0.566418, 0.454544, 0.477870, 0.385374, 0.142155, 0.291187, 0.388719, 0.459359, 0.479672, 0.331051, 0.371371
0.401244, 0.339359, 0.354921, 0.207749, 0.478289, 0.210295, 0.578655, 0.413075, 0.517448, 0.484342, 0.363431, 0.363431, 0.305342, 0.358761, 0.389140, 0.450177, 0.420811, 0.553672, 0.485068, 0.558394, 0.528596, 1.486032, 1.490550, 2.109672, 1.425441, 0.492804, 0.508329, 0.405626, 0.468751, 0.358930, 0.346811, 0.305342, 0.350737, 0.421151, 0.360232, 0.558762, 0.405929, 0.319353, 0.342157, 0.291929
0.563130, 0.339359, 0.368761, 0.329993, 0.457610, 0.497762, 0.508698, 0.457744, 0.376851, 0.508698, 0.363431, 0.363431, 0.457744, 0.376851, 0.450609, 0.358761, 0.433388, 0.471164, 0.558342, 0.509424, 0.508329, 0.449874, 0.395425, 0.475017, 0.239373, 0.375469, 0.429982, 0.418687, 0.358473, 0.282590, 0.325825, 0.320213, 0.413075, 0.517448, 0.484342, 0.261094, 0.235438, 0.073551, 0.167864, 0.129012
0.304689, 0.295111, 0.195373, 0.232461, 0.198345, 0.508698, 0.363431, 0.363431, 0.363431, 0.363431, 0.363431, 0.363431, 0.363431, 0.363431, 0.457744, 0.332603, 0.487711, 0.225901, 0.457744, 0.368827, 0.590774, 0.360232, 0.544922, 0.364157, 0.414016, 0.436454, 0.250159, 0.533105, 0.185954, 0.300842, 0.297893, 0.273840, 0.299227, 0.195073, 0.487711, 0.262125, 0.408405, 0.485068, 0.464081, 0.216190
0.135066, 0.237023, 0.285016, 0.127212, 0.330192, 0.363431, 0.363431, 0.363431, 0.363431, 0.363431, 0.363431, 0.363431, 0.363431, 0.363431, 0.363431, 0.305342, 0.358761, 0.339075, 0.363431, 0.399655, 0.372181, 0.440094, 0.392509, 0.254558, 0.429982, 0.476775, 0.407391, 0.314092, 0.515896, 0.397890, 0.374439, 0.287422, 0.196875, 0.236739, 0.337774, 0.295857, 0.471164, 0.558342, 0.509424, 0.492281
0.280333, 0.331336, 0.342684, 0.293466, 0.467722, 0.363431, 0.363431, 0.363431, 0.363431, 0.363431, 0.363431, 0.363431, 0.363431, 0.363431, 0.363431, 0.457744, 0.376851, 0.464450, 0.342444, 0.275965, 0.355864, 0.313079, 0.300672, 0.428718, 0.294407, 0.504028, 0.433388, 0.426916, 0.595444, 0.326499, 0.540252, 0.442138, 0.497762, 0.544922, 0.372181, 0.484342, 0.363431, 0.457744, 0.413075, 0.595713
0.280333, 0.331336, 0.356525, 0.277149, 0.354548, 0.363431, 0.363431, 0.363431, 0.363431, 0.363431, 0.363431, 0.363431, 0.363431, 0.363431, 0.363431, 0.363431, 0.363431, 0.305342, 0.358761, 0.280986, 0.314513, 0.412401, 0.333633, 0.477870, 0.582024, 0.239321, 0.464450, 0.284356, 0.221231, 0.433388, 0.471164, 0.522118, 0.508698, 0.457744, 0.376851, 0.508698, 0.319183, 0.298196, 0.254979, 0.202286
0.417864, 0.287088, 0.183137, 0.121529, 0.184925, 0.363431, 0.363431, 0.363431, 0.363431, 0.363431, 0.363431, 0.363431, 0.363431, 0.363431, 0.363431, 0.363431, 0.363431, 0.413496, 0.355864, 0.465480, 0.318763, 0.504028, 0.339075, 0.305342, 0.358761, 0.339075, 0.305342, 0.453074, 0.352495, 0.508698, 0.363431, 0.363431, 0.363431, 0.363431, 0.363431, 0.363431, 0.305342, 0.300672, 0.276316, 0.274109
0.304689, 0.273247, 0.293766, 0.248123, 0.330192, 0.363431, 0.363431, 0.363431, 0.363431, 0.363431, 0.363431, 0.363431, 0.363431, 0.363431, 0.363431, 0.363431, 0.363431, 0.305342, 0.358761, 0.339075, 0.457744, 0.376851, 0.508698, 0.457744, 0.376851, 0.508698, 0.457744, 0.376851, 0.508698, 0.363431, 0.363431, 0.363431, 0.319183, 0.298196, 0.160666, 0.160666, 0.299227, 0.333633, 0.616431, 0.447981
0.272597, 0.425648, 0.311856, 0.417746, 0.330192, 0.319183, 0.342444, 0.225901, 0.363431, 0.363431, 0.363431, 0.363431, 0.363431, 0.363431, 0.363431, 0.363431, 0.363431, 0.457744, 0.376851, 0.508698, 0.363431, 0.363431, 0.363431, 0.363431, 0.363431, 0.363431, 0.363431, 0.363431, 0.363431, 0.363431, 0.363431, 0.363431, 0.305342, 0.256424, 0.255330, 0.138786, 0.334405, 0.294827, 0.298196, 0.283179
0.442219, 0.331336, 0.342684, 0.293466, 0.467722, 0.305342, 0.358761, 0.339075, 0.363431, 0.363431, 0.363431, 0.363431, 0.363431, 0.363431, 0.363431, 0.363431, 0.363431, 0.363431, 0.363431, 0.363431, 0.363431, 0.363431, 0.363431, 0.363431, 0.363431, 0.363431, 0.363431, 0.363431, 0.363431, 0.319183, 0.342444, 0.181653, 0.436757, 0.275545, 0.611760, 0.592075, 0.522118, 0.450609, 0.300672, 0.362605
0.159422, 0.331336, 0.400773, 0.298136, 0.492078, 0.457744, 0.376851, 0.508698, 0.319183, 0.342444, 0.225901, 0.363431, 0.363431, 0.363431, 0.363431, 0.363431, 0.363431, 0.363431, 0.363431, 0.363431, 0.363431, 0.363431, 0.363431, 0.363431, 0.363431, 0.363431, 0.363431, 0.363431, 0.363431, 0.305342, 0.358761, 0.236739, 0.337774, 0.295857, 0.376851, 0.508698, 0.363431, 0.413496, 0.405929, 0.494137

