0.000000
0.000000
0.000000
0.000000
0.000000
0.000000
0.000000
0.000000
0.000000
0.000000
0.000000
0.000000
0.000000
0.000000
0.000000
0.000000
0.000000
0.000000
0.000000
0.000000
0.000000
0.000000
0.000000
0.000000
0.000000
0.000000
0.000000
0.000000
0.000000
0.000000
0.000000
0.000000
0.000000
0.000000
0.000000
0.000000
0.000000
0.000000
0.000000
0.000000
0.000000
0.000000
0.000000
0.000000
0.000000
0.000000
0.000000
0.000000
0.000000
0.000000
0.000000
0.000000
0.000000
0.000000
0.000000
0.000000
0.000000
0.000000
0.000000
0.000000
0.000000
0.000000
0.000000
0.000000
0.000000
0.000000
0.000000
0.000000
0.000000
0.000000
0.000000
0.000000
0.000000
0.000000
0.000000
0.000000
0.000000
0.000000
0.000000
0.000000
0.000000
0.000000
0.000000
0.000000
0.000000
0.000000
0.000000
0.000000
0.000000
0.000000
0.000000
0.000000
0.000000
0.000000
0.000000
0.000000
0.000000
0.000000
0.000000
0.000000
0.000000
0.000000
0.000000
0.000000
0.000000
0.000000
0.000000
0.000000
0.000000
0.001025
0.006707
0.025332
0.047546
0.063651
0.057841
0.039600
0.019010
0.003802
0.000000
0.000000
0.000000
0.000000
0.000000
0.000000
0.000000
0.000000
0.000000
0.000000
0.000000
0.000000
0.000000
0.000000
0.000000
0.000000
0.000000
0.000000
0.000000
0.000000
0.000000
0.000000
0.000000
0.000000
0.000000
0.000000
0.000000
0.000000
0.000000
0.000000
0.000000
0.000000
0.000000
0.005126
0.033534
0.126661
0.237729
0.318254
0.289205
0.198001
0.095049
0.019010
0.000000
0.000000
0.000000
0.000000
0.000000
0.000000
0.000000
0.000000
0.000000
0.000000
0.000000
0.000000
0.000000
0.000000
0.000000
0.000000
0.000000
0.000000
0.000000
0.000000
0.000000
0.000000
0.000000
0.000000
0.000000
0.000000
0.000000
0.000000
0.000000
0.000000
0.004998
0.020505
0.062540
0.121107
0.188389
0.265283
0.337178
0.385493
0.368064
0.276432
0.157632
0.031526
0.000000
0.000000
0.000000
0.000000
0.000000
0.000000
0.000000
0.000000
0.000000
0.000000
0.000000
0.000000
0.000000
0.000000
0.000000
0.000000
0.000000
0.000000
0.000000
0.000000
0.000000
0.000000
0.000000
0.000000
0.000000
0.000000
0.000000
0.002050
0.007476
0.020975
0.047290
0.089624
0.167201
0.261566
0.345295
0.380324
0.388056
0.381904
0.361399
0.281046
0.171515
0.034303
0.000000
0.000000
0.000000
0.000000
0.000000
0.000000
0.000000
0.000000
0.000000
0.000000
0.000000
0.000000
0.000000
0.000000
0.000000
0.000000
0.000000
0.000000
0.000000
0.000000
0.000000
0.000000
0.000000
0.000000
0.000000
0.000000
0.000000
0.010252
0.037379
0.104874
0.196463
0.284079
0.335683
0.363578
0.380324
0.387330
0.383955
0.353197
0.250673
0.144175
0.052757
0.010551
0.000000
0.000000
0.000000
0.000000
0.000000
0.000000
0.000000
0.000000
0.000000
0.000000
0.000000
0.000000
0.000000
0.000000
0.000000
0.000000
0.000000
0.000000
0.000000
0.000000
0.000000
0.000000
0.000000
0.000000
0.015379
0.037934
0.066641
0.122261
0.186851
0.251442
0.311803
0.361528
0.383570
0.389081
0.382033
0.353838
0.292195
0.214020
0.119698
0.054979
0.011534
0.002307
0.000000
0.000000
0.000000
0.000000
0.000000
0.000000
0.000000
0.000000
0.000000
0.000000
0.000000
0.000000
0.000000
0.000000
0.000000
0.000000
0.000000
0.000000
0.000000
0.000000
0.000000
0.005639
0.017173
0.040754
0.079713
0.125294
0.175360
0.258362
0.338887
0.379042
0.389850
0.390363
0.389337
0.382033
0.355803
0.279081
0.170960
0.068350
0.013670
0.000000
0.000000
0.000000
0.000000
0.000000
0.000000
0.000000
0.000000
0.000000
0.000000
0.000000
0.000000
0.000000
0.000000
0.000000
0.000000
0.000000
0.000000
0.000000
0.000000
0.000000
0.000000
0.000000
0.000000
0.028194
0.085864
0.203768
0.275535
0.322995
0.343671
0.362937
0.379042
0.387073
0.389850
0.390363
0.389337
0.353838
0.279081
0.121022
0.048956
0.013670
0.002734
0.000000
0.000000
0.000000
0.000000
0.000000
0.000000
0.000000
0.000000
0.000000
0.000000
0.000000
0.000000
0.000000
0.000000
0.000000
0.000000
0.000000
0.000000
0.000000
0.000000
0.000000
0.000000
0.000000
0.000000
0.022684
0.068820
0.162630
0.208381
0.246187
0.308215
0.356401
0.389081
0.389081
0.389850
0.383570
0.355376
0.259131
0.144688
0.043701
0.009227
0.000000
0.000000
0.000000
0.000000
0.000000
0.000000
0.000000
0.000000
0.000000
0.000000
0.000000
0.000000
0.000000
0.000000
0.000000
0.000000
0.000000
0.000000
0.000000
0.000000
0.000000
0.000000
0.000000
0.000000
0.000000
0.000000
0.009612
0.028835
0.067282
0.085864
0.125465
0.247982
0.333846
0.389081
0.389081
0.388697
0.367209
0.282797
0.145585
0.024563
0.004913
0.000000
0.000000
0.000000
0.000000
0.000000
0.000000
0.000000
0.000000
0.000000
0.000000
0.000000
0.000000
0.000000
0.000000
0.000000
0.000000
0.000000
0.000000
0.000000
0.000000
0.000000
0.000000
0.000000
0.000000
0.000000
0.000000
0.000000
0.001922
0.005767
0.013456
0.060233
0.147507
0.317186
0.374343
0.389081
0.389081
0.384083
0.328933
0.128327
0.042035
0.004913
0.000983
0.000000
0.000000
0.000000
0.000000
0.000000
0.000000
0.000000
0.000000
0.000000
0.000000
0.000000
0.000000
0.000000
0.000000
0.000000
0.000000
0.000000
0.000000
0.000000
0.000000
0.000000
0.000000
0.000000
0.000000
0.000000
0.000000
0.000000
0.000000
0.009612
0.048058
0.135333
0.241574
0.355889
0.386774
0.383186
0.359605
0.306421
0.218634
0.056645
0.008074
0.000000
0.000000
0.000000
0.000000
0.000000
0.000000
0.000000
0.000000
0.000000
0.000000
0.000000
0.000000
0.000000
0.000000
0.000000
0.000000
0.000000
0.000000
0.000000
0.000000
0.000000
0.000000
0.000000
0.000000
0.000000
0.000000
0.000000
0.000000
0.000000
0.010124
0.042249
0.130249
0.241189
0.339955
0.379256
0.389081
0.374343
0.315392
0.209278
0.098253
0.019651
0.000000
0.000000
0.000000
0.000000
0.000000
0.000000
0.000000
0.000000
0.000000
0.000000
0.000000
0.000000
0.000000
0.000000
0.000000
0.000000
0.000000
0.000000
0.000000
0.000000
0.000000
0.000000
0.000000
0.000000
0.000000
0.000000
0.000000
0.000000
0.000000
0.000000
0.050622
0.134350
0.266778
0.338588
0.379256
0.387116
0.389081
0.362553
0.256440
0.126746
0.019651
0.003930
0.000000
0.000000
0.000000
0.000000
0.000000
0.000000
0.000000
0.000000
0.000000
0.000000
0.000000
0.000000
0.000000
0.000000
0.000000
0.000000
0.000000
0.000000
0.000000
0.000000
0.000000
0.000000
0.000000
0.000000
0.000000
0.000000
0.000000
0.000000
0.013456
0.067282
0.166859
0.271306
0.344611
0.376009
0.389081
0.389081
0.304883
0.201717
0.125849
0.053441
0.000000
0.000000
0.000000
0.000000
0.000000
0.000000
0.000000
0.000000
0.000000
0.000000
0.000000
0.000000
0.000000
0.000000
0.000000
0.000000
0.000000
0.000000
0.000000
0.000000
0.000000
0.000000
0.000000
0.000000
0.000000
0.000000
0.000000
0.000000
0.000000
0.012175
0.053569
0.170447
0.292580
0.386134
0.388697
0.389337
0.382502
0.355163
0.195950
0.036524
0.008330
0.000641
0.000000
0.000000
0.000000
0.000128
0.000641
0.002050
0.003332
0.003332
0.003332
0.003118
0.002264
0.001025
0.000000
0.000000
0.000000
0.000000
0.000000
0.000000
0.000000
0.000000
0.000000
0.000000
0.000000
0.000000
0.000000
0.000000
0.000000
0.000000
0.000000
0.060874
0.160195
0.313982
0.371011
0.389722
0.390235
0.390363
0.356188
0.219488
0.097014
0.007305
0.001666
0.000128
0.000000
0.000000
0.000000
0.000641
0.003204
0.010252
0.016660
0.016660
0.016660
0.015592
0.011320
0.005126
0.000000
0.000000
0.000000
0.000000
0.000000
0.000000
0.000000
0.000000
0.000000
0.000000
0.000000
0.000000
0.000000
0.000000
0.000000
0.000000
0.000000
0.077662
0.194412
0.350763
0.389850
0.389850
0.389850
0.371011
0.307446
0.128540
0.041907
0.000000
0.000000
0.000000
0.000000
0.000000
0.008074
0.035115
0.110983
0.167243
0.204537
0.204537
0.204537
0.198642
0.175061
0.094195
0.016019
0.003204
0.000000
0.000000
0.000000
0.000000
0.000000
0.000000
0.000000
0.000000
0.000000
0.000000
0.000000
0.000000
0.000000
0.001410
0.007049
0.100602
0.225469
0.356359
0.389081
0.383912
0.363236
0.317955
0.234739
0.062326
0.009612
0.000769
0.003845
0.007818
0.015891
0.035371
0.055491
0.105216
0.243112
0.333333
0.389081
0.389081
0.389081
0.380324
0.345295
0.204793
0.060959
0.012602
0.000256
0.000000
0.000000
0.000000
0.000000
0.000000
0.000000
0.000000
0.000000
0.000000
0.000000
0.000000
0.000000
0.007049
0.035243
0.173907
0.319450
0.375155
0.389081
0.363236
0.259857
0.184160
0.112564
0.025588
0.001922
0.003845
0.019223
0.039088
0.079457
0.176855
0.212867
0.248238
0.343073
0.377932
0.389081
0.389081
0.389081
0.387330
0.380324
0.295015
0.176641
0.037379
0.001282
0.000000
0.000000
0.000000
0.000000
0.000000
0.000000
0.000000
0.000000
0.000000
0.000000
0.000000
0.001153
0.027425
0.127900
0.257209
0.366013
0.384468
0.384852
0.340382
0.179418
0.100731
0.058183
0.041779
0.079585
0.130463
0.166346
0.201845
0.242855
0.300782
0.320646
0.336537
0.378572
0.389081
0.389081
0.389081
0.389081
0.389081
0.389081
0.353326
0.266308
0.061258
0.004998
0.000000
0.000000
0.000000
0.000000
0.000000
0.000000
0.000000
0.000000
0.000000
0.000000
0.000000
0.003204
0.050493
0.226836
0.330001
0.389081
0.389081
0.376137
0.313768
0.116066
0.066257
0.076167
0.117348
0.197488
0.278440
0.322867
0.362297
0.390106
0.388056
0.381648
0.377974
0.386860
0.383570
0.378060
0.378060
0.383570
0.389081
0.389081
0.379085
0.310094
0.074117
0.007561
0.000000
0.000000
0.000000
0.000000
0.000000
0.000000
0.000000
0.000000
0.000000
0.000000
0.000000
0.006792
0.066897
0.280149
0.361271
0.389081
0.389081
0.358196
0.278055
0.081037
0.128284
0.243453
0.318126
0.350763
0.366953
0.375838
0.384339
0.389081
0.382930
0.351916
0.333547
0.377974
0.361528
0.333974
0.333974
0.361528
0.389081
0.389081
0.339100
0.242257
0.054808
0.003973
0.000000
0.000000
0.000000
0.000000
0.000000
0.000000
0.000000
0.000000
0.000000
0.000000
0.000000
0.007689
0.071126
0.294118
0.369473
0.389081
0.389081
0.360246
0.289248
0.120595
0.198385
0.330129
0.377291
0.389081
0.380238
0.344867
0.288735
0.239780
0.233115
0.196463
0.174676
0.227477
0.214533
0.207228
0.282584
0.345252
0.389081
0.389081
0.281815
0.145969
0.031654
0.001538
0.000000
0.000000
0.000000
0.000000
0.000000
0.000000
0.000000
0.000000
0.000000
0.000000
0.000000
0.008074
0.072963
0.300226
0.373062
0.389081
0.389081
0.370499
0.321714
0.200906
0.272844
0.377334
0.386732
0.389081
0.367508
0.281217
0.179290
0.097655
0.092529
0.062412
0.045453
0.092956
0.102653
0.133410
0.265154
0.343586
0.383998
0.363664
0.213251
0.056602
0.011320
0.000000
0.000000
0.000000
0.000000
0.000000
0.000000
0.000000
0.000000
0.000000
0.000000
0.000000
0.000000
0.009612
0.079798
0.322098
0.385877
0.389081
0.389081
0.385365
0.371097
0.328891
0.352300
0.386732
0.388611
0.389081
0.351959
0.203469
0.145969
0.125336
0.124311
0.118288
0.119612
0.147977
0.221069
0.301038
0.356914
0.379982
0.363664
0.261993
0.128156
0.016447
0.003289
0.000000
0.000000
0.000000
0.000000
0.000000
0.000000
0.000000
0.000000
0.000000
0.000000
0.000000
0.000000
0.005767
0.056773
0.237729
0.336025
0.389081
0.389081
0.389081
0.386262
0.374984
0.380623
0.389081
0.389081
0.389081
0.368576
0.286556
0.263745
0.261310
0.260797
0.260669
0.263617
0.275407
0.319877
0.366013
0.384468
0.343329
0.265795
0.138665
0.055363
0.003204
0.000641
0.000000
0.000000
0.000000
0.000000
0.000000
0.000000
0.000000
0.000000
0.000000
0.000000
0.000000
0.000000
0.001282
0.026827
0.123884
0.257465
0.370499
0.385365
0.389081
0.389081
0.389081
0.389081
0.389081
0.389081
0.389081
0.389081
0.389081
0.389850
0.390363
0.389337
0.389081
0.389081
0.389081
0.379085
0.363834
0.342817
0.255286
0.145243
0.034175
0.003204
0.000000
0.000000
0.000000
0.000000
0.000000
0.000000
0.000000
0.000000
0.000000
0.000000
0.000000
0.000000
0.000000
0.000000
0.000256
0.005981
0.027853
0.155453
0.296168
0.370499
0.389081
0.389081
0.389081
0.389081
0.389081
0.389081
0.389081
0.389081
0.389081
0.389850
0.390363
0.389337
0.389081
0.389081
0.389081
0.339100
0.262848
0.157760
0.086121
0.034175
0.007860
0.000641
0.000000
0.000000
0.000000
0.000000
0.000000
0.000000
0.000000
0.000000
0.000000
0.000000
0.000000
0.000000
0.000000
0.000000
0.000000
0.000384
0.001922
0.067666
0.147764
0.206715
0.258747
0.307958
0.355632
0.378316
0.389081
0.389081
0.389081
0.381648
0.351916
0.320646
0.296681
0.296168
0.296040
0.293221
0.281943
0.208381
0.121364
0.056260
0.021915
0.003204
0.000641
0.000000
0.000000
0.000000
0.000000
0.000000
0.000000
0.000000
0.000000
0.000000
0.000000
0.000000
0.000000
0.000000
0.000000
0.000000
0.000000
0.000000
0.000000
0.004485
0.014952
0.038874
0.107010
0.189030
0.268486
0.306292
0.324234
0.324234
0.324234
0.311846
0.262292
0.209535
0.169166
0.169166
0.169166
0.164467
0.145670
0.073049
0.004272
0.000854
0.000000
0.000000
0.000000
0.000000
0.000000
0.000000
0.000000
0.000000
0.000000
0.000000
0.000000
0.000000
0.000000
0.000000
0.000000
0.000000
0.000000
0.000000
0.000000
0.000000
0.000000
0.000897
0.002990
0.007775
0.021402
0.037806
0.053697
0.061258
0.064847
0.064847
0.064847
0.062369
0.052458
0.041907
0.033833
0.033833
0.033833
0.032893
0.029134
0.014610
0.000854
0.000171
0.000000
0.000000
0.000000
0.000000
0.000000
0.000000
0.000000
0.000000
0.000000
0.000000
0.000000
0.000000
0.000000
0.000000
0.000000
0.000000
0.000000
0.000000
0.000000
0.000000
0.000000
0.000000
0.000000
0.000000
0.000000
0.000000
0.000000
0.000000
0.000000
0.000000
0.000000
0.000000
0.000000
0.000000
0.000000
0.000000
0.000000
0.000000
0.000000
0.000000
0.000000
0.000000
0.000000
0.000000
0.000000
0.000000
0.000000
0.000000
0.000000
0.000000
0.000000
0.000000
0.000000
0.000000
0.000000
0.000000
0.000000
0.000000
0.000000
0.000000
0.000000
0.000000
0.000000
0.000000
0.000000
0.000000
0.000000
0.000000
0.000000
0.000000
0.000000
0.000000
0.000000
0.000000
0.000000
0.000000
0.000000
0.000000
0.000000
0.000000
0.000000
0.000000
0.000000
0.000000
0.000000
0.000000
0.000000
0.000000
0.000000
0.000000
0.000000
0.000000
0.000000
0.000000
0.000000
0.000000
0.000000
0.000000
0.000000
0.000000
0.000000
0.000000
0.000000
0.000000
0.000000
0.000000
0.000000
0.000000
0.000000
0.000000
0.000000
0.000000
0.000000
0.000000
0.000000
0.000000
0.000000
0.000000
0.000000
0.000000
0.000000
0.000000
0.000000
0.000000
0.000000
0.000000
0.000000
0.000000
0.000000
0.000000
0.000000
0.000000
0.000000
0.000000
0.000000
0.000000
0.000000
0.000000
0.000000
0.000000
0.000000
0.000000
0.000000
0.000000
0.000000
0.000000
0.000000
0.000000
0.000000
0.000000
0.000000
0.000000
0.000000
0.000000
0.000000
0.000000
0.000000
0.000000
0.000000
0.000000
0.000000
0.000000
0.000000
0.000000
0.000000
0.000000
0.000000
0.000000
0.000000
0.000000
0.000000
0.000000
0.000000
0.000000
0.000000
0.000000
0.000000
0.000000
0.000000
0.000000
0.000000
0.000000
0.000000
0.000000
0.000000
0.000000
0.000000
0.000000
0.000000
0.000000
0.000000
0.000000
0.000000
0.000000
0.000000
0.000000
0.000000
0.000000
0.000000
0.000000
0.000000
0.000000
0.000000
0.000000
0.000000
0.000000
0.000000
0.000000
0.000000
0.000000
0.000000
0.000000
0.000000
0.000000
0.000000
0.000000
0.000000
0.000000
0.000000
0.000000
0.000000
0.000000
0.000000
0.000000
0.000000
0.000000
0.000000
0.000000
0.000000
0.000000
0.000000
0.000000
0.000000
0.000000
0.000000
0.000000
0.000000
0.000000
0.000000
0.000000
0.000000
0.000000
0.000000
0.000000
0.000000
0.000000
0.000000
0.000000
0.000000
0.000000
0.000000
0.000000
0.000000
0.000000
0.000000
0.000000
0.000000
0.000000
0.000000
0.000000
0.000000
0.000000
0.000000
0.000000
0.000000
0.000000
0.000000
0.000000
0.000000
0.000000
0.000000
0.000000
0.000000
0.000000
0.000000
0.000000
0.000000
0.000000
0.000000
0.000000
0.000000
0.000000
0.000000
0.000000
0.000000
0.000000
0.000000
0.000000
0.000000
0.000000
0.000000
0.000000
0.000000
0.000000
0.000000
0.000000
0.000000
0.000000
0.000000
0.000000
0.000000
0.000000
0.000000
0.000000
0.000000
0.000000
0.000000
0.000000
0.000000
0.000000
0.000000
0.000000
0.000000
0.000000
0.000000
0.000000
0.000000
0.000000
0.000000
0.000000
0.000000
0.000000
0.000000
0.000000
0.000000
0.000000
0.000000
0.000000
0.000000
0.000000
0.000000
0.000000
0.000000
0.000000
0.000000
0.000000
0.000000
0.000000
0.000000
0.000000
0.000000
0.000000
0.000000
0.000000
0.000000
0.000000
0.000000
