Channel 1:
0.00, 0.00, 0.00, 0.00, 0.00, 0.00, 0.00, 0.00, 0.00, 0.00, 0.00, 0.00, 0.00, 0.00, 0.00, 0.00, 0.00, 0.00, 0.00, 0.00
0.00, 0.00, 0.00, 0.00, 0.00, 0.00, 0.00, 0.00, 0.00, 0.00, 0.00, 0.00, 0.00, 0.00, 0.00, 0.00, 0.00, 0.00, 0.00, 0.00
0.00, 0.00, 0.00, 0.14, 0.44, 0.49, 1.19, 1.44, 0.71, 0.47, 0.17, 0.00, 0.00, 0.00, 0.00, 0.00, 0.00, 0.00, 0.00, 0.00
0.00, 0.00, 0.00, 2.53, 8.21, 9.22, 11.92, 13.21, 10.08, 9.11, 5.50, 0.69, 0.00, 0.00, 0.00, 0.00, 0.00, 0.00, 0.00, 0.00
0.00, 0.00, 0.00, 5.80, 18.92, 21.10, 21.26, 21.34, 21.14, 21.03, 17.49, 6.53, 0.40, 0.00, 0.00, 0.00, 0.00, 0.00, 0.00, 0.00
0.00, 0.00, 0.00, 5.98, 19.45, 21.67, 21.67, 21.67, 21.67, 21.66, 21.46, 16.64, 4.60, 0.00, 0.00, 0.00, 0.00, 0.00, 0.00, 0.00
0.00, 0.00, 0.00, 4.23, 13.95, 15.64, 15.62, 15.58, 16.92, 20.87, 21.65, 18.94, 6.40, 0.00, 0.00, 0.00, 0.00, 0.00, 0.00, 0.00
0.00, 0.00, 0.00, 0.74, 2.46, 2.78, 3.03, 7.69, 16.91, 21.32, 21.67, 18.82, 6.31, 0.02, 0.00, 0.00, 0.00, 0.00, 0.00, 0.00
0.00, 0.00, 0.00, 0.00, 0.00, 0.00, 2.26, 14.76, 21.65, 21.62, 21.63, 20.23, 10.34, 2.16, 0.27, 0.00, 0.00, 0.00, 0.00, 0.00
0.00, 0.00, 0.00, 0.00, 0.00, 0.00, 2.23, 14.67, 21.66, 21.65, 21.65, 21.54, 19.65, 14.58, 4.66, 0.32, 0.00, 0.00, 0.00, 0.00
0.00, 0.00, 0.00, 0.00, 0.00, 0.00, 2.06, 13.59, 20.12, 20.60, 21.21, 21.63, 21.55, 21.16, 14.04, 2.23, 0.00, 0.00, 0.00, 0.00
0.00, 0.00, 0.00, 0.00, 0.00, 0.00, 0.78, 5.16, 8.10, 10.32, 13.33, 18.04, 21.18, 21.61, 20.02, 7.89, 0.00, 0.00, 0.00, 0.00
0.00, 0.00, 0.00, 0.00, 0.00, 0.00, 0.03, 0.18, 0.32, 0.61, 1.08, 5.29, 15.81, 21.34, 21.67, 10.31, 0.00, 0.00, 0.00, 0.00
0.00, 0.00, 0.00, 0.00, 0.00, 0.00, 0.11, 0.27, 0.28, 0.27, 0.43, 3.17, 14.32, 21.20, 21.67, 10.28, 0.00, 0.00, 0.00, 0.00
0.00, 0.00, 0.00, 0.00, 0.00, 0.00, 3.13, 7.96, 8.17, 8.05, 8.85, 14.77, 20.08, 20.88, 19.05, 7.44, 0.00, 0.00, 0.00, 0.00
0.00, 0.00, 0.00, 0.00, 0.00, 0.00, 7.48, 19.37, 20.09, 20.05, 20.23, 21.31, 21.22, 20.38, 11.31, 1.22, 0.00, 0.00, 0.00, 0.00
0.00, 0.00, 0.00, 0.00, 0.00, 0.00, 6.92, 19.86, 21.67, 21.66, 21.66, 21.67, 19.60, 9.98, 2.84, 0.09, 0.00, 0.00, 0.00, 0.00
0.00, 0.00, 0.00, 0.00, 0.00, 0.00, 2.31, 12.29, 18.29, 21.14, 21.00, 18.06, 11.54, 1.82, 0.00, 0.00, 0.00, 0.00, 0.00, 0.00
0.00, 0.00, 0.00, 0.00, 0.00, 0.00, 0.30, 2.10, 4.95, 10.30, 10.09, 4.63, 1.96, 0.26, 0.00, 0.00, 0.00, 0.00, 0.00, 0.00
0.00, 0.00, 0.00, 0.00, 0.00, 0.00, 0.00, 0.00, 0.00, 0.00, 0.00, 0.00, 0.00, 0.00, 0.00, 0.00, 0.00, 0.00, 0.00, 0.00

Channel 2:
0.00, 0.00, 0.00, 0.00, 0.00, 0.00, 0.00, 0.00, 0.00, 0.00, 0.00, 0.00, 0.00, 0.00, 0.00, 0.00, 0.00, 0.00, 0.00, 0.00
0.00, 0.00, 0.00, 0.00, 0.00, 0.00, 0.00, 0.00, 0.00, 0.00, 0.00, 0.00, 0.00, 0.00, 0.00, 0.00, 0.00, 0.00, 0.00, 0.00
0.00, 0.00, 0.00, 0.00, 0.00, 0.00, 0.00, 0.00, 0.00, 0.00, 0.00, 0.00, 0.00, 0.00, 0.00, 0.00, 0.00, 0.00, 0.00, 0.00
0.00, 0.00, 0.00, 0.00, 0.00, 0.00, 0.00, 0.00, 0.00, 0.00, 0.00, 0.00, 0.00, 0.00, 0.00, 0.00, 0.00, 0.00, 0.00, 0.00
0.00, 0.00, 0.00, 0.00, 0.00, 0.00, 0.00, 0.00, 0.00, 0.00, 0.00, 0.00, 0.00, 0.00, 0.00, 0.00, 0.00, 0.00, 0.00, 0.00
0.00, 0.00, 0.00, 0.00, 0.00, 0.00, 0.00, 0.00, 0.00, 0.00, 0.00, 0.00, 0.00, 0.00, 0.00, 0.00, 0.00, 0.00, 0.00, 0.00
0.00, 0.00, 0.00, 0.00, 0.00, 0.00, 0.00, 0.00, 0.00, 0.00, 0.00, 0.00, 0.00, 0.00, 0.00, 0.00, 0.00, 0.00, 0.00, 0.00
0.00, 0.00, 0.00, 0.00, 0.00, 0.00, 0.00, 0.00, 0.00, 0.00, 0.00, 0.00, 0.00, 0.00, 0.00, 0.00, 0.00, 0.00, 0.00, 0.00
0.00, 0.00, 0.00, 0.00, 0.00, 0.00, 0.00, 0.00, 0.00, 0.00, 0.00, 0.00, 0.00, 0.00, 0.00, 0.00, 0.00, 0.00, 0.00, 0.00
0.00, 0.00, 0.00, 0.00, 0.00, 0.00, 0.00, 0.00, 0.00, 0.00, 0.00, 0.00, 0.00, 0.00, 0.00, 0.00, 0.00, 0.00, 0.00, 0.00
0.00, 0.00, 0.00, 0.00, 0.00, 0.00, 0.00, 0.00, 0.00, 0.00, 0.00, 0.00, 0.00, 0.00, 0.00, 0.00, 0.00, 0.00, 0.00, 0.00
0.00, 0.00, 0.00, 0.00, 0.00, 0.00, 0.00, 0.00, 0.00, 0.00, 0.00, 0.00, 0.00, 0.00, 0.00, 0.00, 0.00, 0.00, 0.00, 0.00
0.00, 0.00, 0.00, 0.00, 0.00, 0.00, 0.00, 0.00, 0.00, 0.00, 0.00, 0.00, 0.00, 0.00, 0.00, 0.00, 0.00, 0.00, 0.00, 0.00
0.00, 0.00, 0.00, 0.00, 0.00, 0.00, 0.00, 0.00, 0.00, 0.00, 0.00, 0.00, 0.00, 0.00, 0.00, 0.00, 0.00, 0.00, 0.00, 0.00
0.00, 0.00, 0.00, 0.00, 0.00, 0.00, 0.00, 0.00, 0.00, 0.00, 0.00, 0.00, 0.00, 0.00, 0.00, 0.06, 0.00, 0.00, 0.00, 0.00
0.00, 0.00, 0.00, 0.00, 0.00, 0.00, 0.00, 0.00, 0.00, 0.00, 0.00, 0.00, 0.00, 0.00, 0.00, 0.02, 0.00, 0.00, 0.00, 0.00
0.00, 0.00, 0.00, 0.00, 0.00, 0.00, 0.00, 0.00, 0.00, 0.00, 0.00, 0.00, 0.00, 0.00, 0.05, 0.00, 0.00, 0.00, 0.00, 0.00
0.00, 0.00, 0.00, 0.00, 0.00, 0.00, 0.00, 0.00, 0.00, 0.00, 0.00, 0.00, 0.00, 0.00, 0.00, 0.00, 0.00, 0.00, 0.00, 0.00
0.00, 0.00, 0.00, 0.00, 0.00, 0.00, 0.00, 0.00, 0.00, 0.00, 0.00, 0.01, 0.00, 0.00, 0.00, 0.00, 0.00, 0.00, 0.00, 0.00
0.00, 0.00, 0.00, 0.00, 0.00, 0.00, 0.00, 0.00, 0.00, 0.00, 0.00, 0.00, 0.00, 0.00, 0.00, 0.00, 0.00, 0.00, 0.00, 0.00

Channel 3:
0.00, 0.00, 0.00, 0.00, 0.00, 0.00, 0.00, 0.00, 0.00, 0.00, 0.00, 0.00, 0.00, 0.00, 0.00, 0.00, 0.00, 0.00, 0.00, 0.00
0.00, 0.00, 0.00, 0.00, 0.00, 0.00, 0.00, 0.00, 0.00, 0.00, 0.00, 0.00, 0.00, 0.00, 0.00, 0.00, 0.00, 0.00, 0.00, 0.00
0.00, 0.00, 0.00, 0.01, 0.03, 0.03, 0.10, 0.11, 0.05, 0.03, 0.01, 0.00, 0.00, 0.00, 0.00, 0.00, 0.00, 0.00, 0.00, 0.00
0.00, 0.00, 0.00, 0.07, 0.23, 0.25, 0.21, 0.23, 0.25, 0.25, 0.17, 0.01, 0.00, 0.00, 0.00, 0.00, 0.00, 0.00, 0.00, 0.00
0.00, 0.00, 0.00, 0.00, 0.03, 0.00, 0.00, 0.00, 0.00, 0.04, 0.13, 0.10, 0.02, 0.00, 0.00, 0.00, 0.00, 0.00, 0.00, 0.00
0.00, 0.00, 0.00, 0.00, 0.00, 0.00, 0.00, 0.00, 0.00, 0.00, 0.00, 0.13, 0.06, 0.00, 0.00, 0.00, 0.00, 0.00, 0.00, 0.00
0.00, 0.00, 0.00, 0.00, 0.00, 0.00, 0.00, 0.00, 0.00, 0.00, 0.00, 0.00, 0.00, 0.00, 0.00, 0.00, 0.00, 0.00, 0.00, 0.00
0.00, 0.00, 0.00, 0.00, 0.00, 0.00, 0.01, 0.18, 0.04, 0.00, 0.00, 0.00, 0.00, 0.00, 0.00, 0.00, 0.00, 0.00, 0.00, 0.00
0.00, 0.00, 0.00, 0.00, 0.00, 0.00, 0.00, 0.00, 0.00, 0.00, 0.00, 0.00, 0.14, 0.12, 0.01, 0.00, 0.00, 0.00, 0.00, 0.00
0.00, 0.00, 0.00, 0.00, 0.00, 0.00, 0.00, 0.00, 0.00, 0.00, 0.00, 0.00, 0.20, 0.19, 0.08, 0.01, 0.00, 0.00, 0.00, 0.00
0.00, 0.00, 0.00, 0.00, 0.00, 0.00, 0.00, 0.00, 0.00, 0.00, 0.00, 0.00, 0.00, 0.07, 0.08, 0.01, 0.00, 0.00, 0.00, 0.00
0.00, 0.00, 0.00, 0.00, 0.00, 0.00, 0.00, 0.00, 0.00, 0.00, 0.00, 0.00, 0.00, 0.00, 0.08, 0.06, 0.00, 0.00, 0.00, 0.00
0.00, 0.00, 0.00, 0.00, 0.00, 0.00, 0.00, 0.00, 0.00, 0.00, 0.00, 0.00, 0.00, 0.00, 0.00, 0.00, 0.00, 0.00, 0.00, 0.00
0.00, 0.00, 0.00, 0.00, 0.00, 0.00, 0.00, 0.01, 0.02, 0.01, 0.03, 0.06, 0.00, 0.00, 0.00, 0.00, 0.00, 0.00, 0.00, 0.00
0.00, 0.00, 0.00, 0.00, 0.00, 0.00, 0.08, 0.19, 0.18, 0.18, 0.18, 0.23, 0.03, 0.00, 0.00, 0.00, 0.00, 0.00, 0.00, 0.00
0.00, 0.00, 0.00, 0.00, 0.00, 0.00, 0.00, 0.06, 0.03, 0.03, 0.03, 0.00, 0.00, 0.00, 0.00, 0.00, 0.00, 0.00, 0.00, 0.00
0.00, 0.00, 0.00, 0.00, 0.00, 0.00, 0.00, 0.00, 0.00, 0.00, 0.00, 0.00, 0.00, 0.00, 0.00, 0.00, 0.00, 0.00, 0.00, 0.00
0.00, 0.00, 0.00, 0.00, 0.00, 0.00, 0.00, 0.00, 0.00, 0.00, 0.00, 0.00, 0.00, 0.00, 0.00, 0.00, 0.00, 0.00, 0.00, 0.00
0.00, 0.00, 0.00, 0.00, 0.00, 0.00, 0.00, 0.00, 0.00, 0.00, 0.00, 0.00, 0.00, 0.00, 0.00, 0.00, 0.00, 0.00, 0.00, 0.00
0.00, 0.00, 0.00, 0.00, 0.00, 0.00, 0.00, 0.00, 0.00, 0.00, 0.00, 0.00, 0.00, 0.00, 0.00, 0.00, 0.00, 0.00, 0.00, 0.00

Channel 4:
0.00, 0.00, 0.00, 0.00, 0.00, 0.00, 0.00, 0.00, 0.00, 0.00, 0.00, 0.00, 0.00, 0.00, 0.00, 0.00, 0.00, 0.00, 0.00, 0.00
0.00, 0.00, 0.00, 0.00, 0.00, 0.00, 0.00, 0.00, 0.00, 0.00, 0.00, 0.00, 0.00, 0.00, 0.00, 0.00, 0.00, 0.00, 0.00, 0.00
0.00, 0.00, 0.00, 0.12, 0.36, 0.39, 0.98, 1.19, 0.52, 0.38, 0.12, 0.00, 0.00, 0.00, 0.00, 0.00, 0.00, 0.00, 0.00, 0.00
0.00, 0.00, 0.00, 2.32, 7.38, 8.24, 10.93, 12.21, 9.29, 8.13, 4.80, 0.53, 0.00, 0.00, 0.00, 0.00, 0.00, 0.00, 0.00, 0.00
0.00, 0.00, 0.00, 5.57, 18.55, 20.83, 20.99, 21.10, 20.89, 20.77, 17.18, 6.05, 0.29, 0.00, 0.00, 0.00, 0.00, 0.00, 0.00, 0.00
0.00, 0.00, 0.00, 5.75, 19.16, 21.48, 21.48, 21.48, 21.48, 21.48, 21.28, 16.44, 4.35, 0.00, 0.00, 0.00, 0.00, 0.00, 0.00, 0.00
0.00, 0.00, 0.00, 4.16, 14.31, 16.20, 16.19, 16.15, 17.34, 20.79, 21.46, 18.87, 6.62, 0.00, 0.00, 0.00, 0.00, 0.00, 0.00, 0.00
0.00, 0.00, 0.00, 0.74, 2.71, 3.12, 3.33, 7.03, 15.92, 21.04, 21.48, 18.74, 6.48, 0.01, 0.00, 0.00, 0.00, 0.00, 0.00, 0.00
0.00, 0.00, 0.00, 0.00, 0.00, 0.00, 2.18, 14.38, 21.46, 21.44, 21.45, 20.06, 10.10, 1.73, 0.17, 0.00, 0.00, 0.00, 0.00, 0.00
0.00, 0.00, 0.00, 0.00, 0.00, 0.00, 2.14, 14.26, 21.47, 21.46, 21.46, 21.35, 19.38, 13.97, 4.22, 0.23, 0.00, 0.00, 0.00, 0.00
0.00, 0.00, 0.00, 0.00, 0.00, 0.00, 2.01, 13.38, 20.26, 20.65, 21.16, 21.44, 21.38, 20.97, 13.83, 2.08, 0.00, 0.00, 0.00, 0.00
0.00, 0.00, 0.00, 0.00, 0.00, 0.00, 0.78, 5.35, 8.74, 10.94, 13.95, 18.52, 21.14, 21.43, 19.84, 7.69, 0.00, 0.00, 0.00, 0.00
0.00, 0.00, 0.00, 0.00, 0.00, 0.00, 0.03, 0.20, 0.36, 0.69, 1.18, 5.50, 16.06, 21.20, 21.48, 10.56, 0.00, 0.00, 0.00, 0.00
0.00, 0.00, 0.00, 0.00, 0.00, 0.00, 0.10, 0.22, 0.22, 0.22, 0.35, 2.89, 13.63, 20.96, 21.48, 10.54, 0.00, 0.00, 0.00, 0.00
0.00, 0.00, 0.00, 0.00, 0.00, 0.00, 2.88, 7.15, 7.34, 7.23, 8.01, 13.75, 19.51, 20.59, 19.16, 8.20, 0.00, 0.00, 0.00, 0.00
0.00, 0.00, 0.00, 0.00, 0.00, 0.00, 7.20, 19.00, 19.69, 19.64, 19.81, 21.01, 21.03, 20.31, 11.74, 1.50, 0.00, 0.00, 0.00, 0.00
0.00, 0.00, 0.00, 0.00, 0.00, 0.00, 6.76, 19.88, 21.48, 21.48, 21.48, 21.48, 19.60, 10.75, 3.45, 0.13, 0.00, 0.00, 0.00, 0.00
0.00, 0.00, 0.00, 0.00, 0.00, 0.00, 2.30, 12.54, 18.72, 21.10, 20.89, 18.39, 12.26, 2.19, 0.00, 0.00, 0.00, 0.00, 0.00, 0.00
0.00, 0.00, 0.00, 0.00, 0.00, 0.00, 0.29, 2.20, 5.31, 11.03, 11.05, 5.33, 2.29, 0.33, 0.00, 0.00, 0.00, 0.00, 0.00, 0.00
0.00, 0.00, 0.00, 0.00, 0.00, 0.00, 0.00, 0.00, 0.00, 0.00, 0.00, 0.00, 0.00, 0.00, 0.00, 0.00, 0.00, 0.00, 0.00, 0.00

