Channel 1:
0.00, 0.00, 0.00, 0.00, 0.00, 0.00, 0.00, 0.00, 0.00, 0.00, 0.00, 0.00, 0.00, 0.00, 0.00, 0.00, 0.00, 0.00, 0.00, 0.00, 0.00, 0.00, 0.00, 0.01, 0.05, 0.18, 0.42, 0.69, 0.84, 0.78, 0.55, 0.29, 0.10, 0.02, 0.00, 0.00, 0.00, 0.00, 0.00, 0.00
0.00, 0.00, 0.00, 0.00, 0.00, 0.00, 0.00, 0.00, 0.00, 0.00, 0.00, 0.00, 0.00, 0.00, 0.00, 0.00, 0.00, 0.00, 0.00, 0.00, 0.00, 0.00, 0.00, 0.04, 0.28, 1.16, 2.74, 4.58, 5.55, 5.16, 3.65, 1.90, 0.67, 0.11, 0.00, 0.00, 0.00, 0.00, 0.00, 0.00
0.00, 0.00, 0.00, 0.00, 0.00, 0.00, 0.00, 0.00, 0.00, 0.00, 0.00, 0.00, 0.00, 0.00, 0.00, 0.00, 0.00, 0.00, 0.00, 0.00, 0.03, 0.14, 0.47, 1.11, 2.26, 4.46, 7.74, 11.31, 13.20, 12.30, 8.99, 4.84, 1.77, 0.29, 0.00, 0.00, 0.00, 0.00, 0.00, 0.00
0.00, 0.00, 0.00, 0.00, 0.00, 0.00, 0.00, 0.00, 0.00, 0.00, 0.00, 0.00, 0.00, 0.00, 0.00, 0.00, 0.00, 0.01, 0.05, 0.16, 0.44, 1.03, 2.29, 4.37, 7.19, 10.58, 14.25, 17.57, 19.11, 17.64, 13.34, 7.47, 2.84, 0.46, 0.00, 0.00, 0.00, 0.00, 0.00, 0.00
0.00, 0.00, 0.00, 0.00, 0.00, 0.00, 0.00, 0.00, 0.00, 0.00, 0.00, 0.00, 0.00, 0.00, 0.00, 0.00, 0.00, 0.08, 0.34, 1.06, 2.41, 4.43, 7.09, 10.31, 13.79, 16.86, 19.12, 20.31, 19.95, 17.44, 12.88, 7.18, 2.71, 0.43, 0.00, 0.00, 0.00, 0.00, 0.00, 0.00
0.00, 0.00, 0.00, 0.00, 0.00, 0.00, 0.00, 0.00, 0.00, 0.00, 0.00, 0.00, 0.00, 0.00, 0.09, 0.29, 0.62, 1.26, 2.37, 4.26, 6.99, 10.32, 13.63, 16.51, 18.77, 20.17, 20.48, 19.57, 17.15, 13.36, 8.75, 4.45, 1.55, 0.25, 0.00, 0.00, 0.00, 0.00, 0.00, 0.00
0.00, 0.00, 0.00, 0.00, 0.00, 0.00, 0.00, 0.00, 0.00, 0.00, 0.00, 0.03, 0.13, 0.34, 0.84, 1.70, 2.91, 4.74, 7.25, 10.33, 13.53, 16.55, 18.91, 20.35, 20.82, 20.27, 18.48, 15.50, 11.53, 7.43, 3.86, 1.58, 0.42, 0.07, 0.00, 0.00, 0.00, 0.00, 0.00, 0.00
0.00, 0.00, 0.00, 0.00, 0.00, 0.00, 0.00, 0.00, 0.00, 0.00, 0.00, 0.20, 0.80, 2.19, 4.11, 6.34, 8.46, 10.92, 13.80, 16.68, 18.86, 20.26, 21.06, 21.20, 20.42, 17.94, 14.13, 9.59, 5.60, 2.74, 1.08, 0.35, 0.07, 0.01, 0.00, 0.00, 0.00, 0.00, 0.00, 0.00
0.00, 0.00, 0.00, 0.00, 0.00, 0.00, 0.00, 0.00, 0.00, 0.00, 0.00, 0.39, 1.58, 4.33, 7.72, 11.02, 13.59, 16.00, 18.35, 20.18, 21.22, 21.54, 21.42, 20.39, 18.03, 13.65, 8.70, 4.40, 1.84, 0.53, 0.09, 0.00, 0.00, 0.00, 0.00, 0.00, 0.00, 0.00, 0.00, 0.00
0.00, 0.00, 0.00, 0.00, 0.00, 0.00, 0.00, 0.00, 0.00, 0.00, 0.00, 0.41, 1.65, 4.51, 7.84, 10.96, 13.82, 16.75, 19.43, 20.94, 21.54, 21.44, 20.60, 18.05, 13.69, 8.32, 3.96, 1.36, 0.40, 0.09, 0.02, 0.00, 0.00, 0.00, 0.00, 0.00, 0.00, 0.00, 0.00, 0.00
0.00, 0.00, 0.00, 0.00, 0.00, 0.00, 0.00, 0.00, 0.00, 0.00, 0.00, 0.23, 0.91, 2.47, 4.47, 6.92, 10.77, 15.22, 19.16, 21.00, 21.57, 21.03, 18.56, 14.07, 8.38, 3.85, 1.26, 0.31, 0.05, 0.00, 0.00, 0.00, 0.00, 0.00, 0.00, 0.00, 0.00, 0.00, 0.00, 0.00
0.00, 0.00, 0.00, 0.00, 0.00, 0.00, 0.00, 0.00, 0.00, 0.00, 0.00, 0.08, 0.35, 1.11, 2.72, 5.61, 10.68, 15.92, 19.77, 21.03, 20.93, 19.47, 15.13, 9.35, 3.97, 1.25, 0.19, 0.03, 0.00, 0.00, 0.00, 0.00, 0.00, 0.00, 0.00, 0.00, 0.00, 0.00, 0.00, 0.00
0.00, 0.00, 0.00, 0.00, 0.00, 0.00, 0.00, 0.00, 0.00, 0.00, 0.00, 0.07, 0.41, 1.57, 4.21, 8.43, 13.85, 18.33, 20.74, 20.74, 19.18, 16.08, 10.64, 5.20, 1.45, 0.30, 0.03, 0.01, 0.00, 0.00, 0.00, 0.00, 0.00, 0.00, 0.00, 0.00, 0.00, 0.00, 0.00, 0.00
0.00, 0.00, 0.00, 0.00, 0.00, 0.00, 0.00, 0.00, 0.00, 0.00, 0.00, 0.36, 1.48, 4.19, 8.31, 13.21, 17.48, 20.20, 21.05, 19.79, 16.47, 11.57, 6.28, 2.40, 0.48, 0.04, 0.00, 0.00, 0.00, 0.00, 0.00, 0.00, 0.00, 0.00, 0.00, 0.00, 0.00, 0.00, 0.00, 0.00
0.00, 0.00, 0.00, 0.00, 0.00, 0.00, 0.00, 0.00, 0.00, 0.08, 0.44, 1.77, 4.46, 8.74, 13.43, 17.54, 20.03, 20.75, 19.79, 17.04, 12.57, 7.24, 3.02, 0.76, 0.12, 0.00, 0.00, 0.00, 0.00, 0.00, 0.00, 0.00, 0.00, 0.00, 0.00, 0.00, 0.00, 0.00, 0.00, 0.00
0.00, 0.00, 0.00, 0.00, 0.00, 0.00, 0.00, 0.00, 0.07, 0.47, 1.92, 5.03, 9.57, 14.33, 18.01, 20.19, 20.98, 19.61, 16.12, 11.58, 7.21, 3.51, 1.12, 0.12, 0.02, 0.01, 0.02, 0.03, 0.05, 0.05, 0.05, 0.05, 0.03, 0.02, 0.01, 0.00, 0.00, 0.00, 0.00, 0.00
0.00, 0.00, 0.00, 0.00, 0.00, 0.00, 0.00, 0.00, 0.44, 1.80, 5.20, 10.01, 15.21, 18.80, 20.68, 21.08, 20.12, 16.61, 10.88, 5.63, 2.42, 1.00, 0.27, 0.00, 0.01, 0.03, 0.10, 0.21, 0.29, 0.33, 0.32, 0.28, 0.20, 0.10, 0.03, 0.00, 0.00, 0.00, 0.00, 0.00
0.00, 0.00, 0.00, 0.00, 0.00, 0.00, 0.00, 0.00, 0.99, 3.69, 9.02, 14.68, 19.12, 21.02, 21.51, 20.78, 17.79, 12.55, 6.31, 2.14, 0.30, 0.06, 0.01, 0.05, 0.24, 0.86, 1.75, 2.71, 3.25, 3.46, 3.42, 3.21, 2.52, 1.44, 0.54, 0.09, 0.02, 0.00, 0.00, 0.00
0.00, 0.00, 0.00, 0.00, 0.00, 0.00, 0.01, 0.05, 1.58, 5.36, 11.75, 17.40, 20.71, 21.37, 20.94, 19.29, 14.58, 8.59, 3.27, 0.88, 0.11, 0.15, 0.31, 0.61, 1.37, 3.39, 6.17, 8.94, 10.40, 10.92, 10.82, 10.31, 8.35, 5.10, 2.09, 0.47, 0.08, 0.00, 0.00, 0.00
0.00, 0.00, 0.00, 0.00, 0.00, 0.00, 0.05, 0.30, 2.50, 7.17, 13.62, 18.65, 20.96, 20.52, 18.78, 15.86, 10.71, 5.37, 1.53, 0.44, 0.43, 0.94, 2.02, 3.31, 5.02, 8.23, 12.29, 16.07, 17.90, 18.51, 18.40, 17.81, 15.14, 10.29, 4.97, 1.58, 0.27, 0.01, 0.00, 0.00
0.00, 0.00, 0.00, 0.00, 0.00, 0.01, 0.22, 1.24, 4.58, 10.21, 16.11, 19.87, 20.80, 18.73, 15.16, 11.01, 6.76, 3.47, 1.87, 2.17, 3.08, 4.33, 6.47, 8.78, 11.00, 13.94, 17.27, 20.10, 21.25, 21.60, 21.53, 21.20, 19.16, 14.85, 8.53, 3.40, 0.62, 0.03, 0.00, 0.00
0.00, 0.00, 0.00, 0.00, 0.00, 0.03, 0.57, 3.05, 7.85, 14.02, 18.66, 20.87, 20.44, 16.59, 11.46, 6.89, 4.58, 4.12, 5.23, 7.22, 9.18, 11.05, 13.35, 15.39, 16.93, 18.50, 20.03, 21.14, 21.40, 21.47, 21.51, 21.51, 20.64, 17.94, 11.62, 5.24, 1.01, 0.08, 0.00, 0.00
0.00, 0.00, 0.00, 0.00, 0.00, 0.07, 1.01, 5.14, 11.16, 17.16, 20.28, 21.16, 19.78, 14.70, 9.35, 6.14, 6.67, 8.72, 11.41, 14.03, 16.14, 17.77, 19.06, 19.66, 19.77, 20.23, 20.70, 20.91, 20.68, 20.72, 21.10, 21.44, 21.03, 18.88, 12.65, 5.87, 1.16, 0.10, 0.00, 0.00
0.00, 0.00, 0.00, 0.00, 0.00, 0.12, 1.35, 6.57, 13.29, 18.96, 21.04, 21.11, 19.21, 13.67, 9.19, 8.41, 11.70, 15.06, 17.37, 18.76, 19.39, 19.49, 19.37, 18.73, 17.86, 17.86, 18.13, 18.17, 18.07, 18.80, 20.21, 21.20, 20.55, 17.57, 11.22, 4.96, 0.96, 0.07, 0.00, 0.00
0.00, 0.00, 0.00, 0.00, 0.00, 0.15, 1.52, 7.21, 14.15, 19.62, 21.26, 21.08, 19.23, 14.24, 11.12, 12.18, 16.54, 19.67, 20.61, 20.07, 18.33, 15.98, 14.26, 12.84, 11.69, 11.72, 12.25, 12.80, 13.92, 16.31, 19.25, 20.81, 19.33, 14.69, 8.19, 3.12, 0.57, 0.03, 0.00, 0.00
0.00, 0.00, 0.00, 0.00, 0.00, 0.17, 1.62, 7.55, 14.61, 19.97, 21.38, 21.26, 20.00, 16.58, 14.67, 15.91, 19.16, 21.13, 21.09, 19.01, 15.46, 11.45, 9.00, 7.54, 6.68, 6.84, 7.92, 9.64, 12.40, 15.98, 19.19, 19.96, 17.11, 11.17, 5.14, 1.48, 0.26, 0.01, 0.00, 0.00
0.00, 0.00, 0.00, 0.00, 0.00, 0.16, 1.55, 7.25, 14.24, 19.68, 21.27, 21.46, 20.89, 19.23, 18.35, 19.05, 20.64, 21.51, 21.04, 18.33, 14.40, 10.71, 8.99, 8.18, 7.84, 8.15, 9.58, 12.08, 15.30, 18.01, 19.27, 17.70, 13.35, 7.35, 2.74, 0.50, 0.08, 0.00, 0.00, 0.00
0.00, 0.00, 0.00, 0.00, 0.00, 0.11, 1.20, 5.72, 12.02, 17.85, 20.55, 21.48, 21.43, 20.98, 20.71, 20.90, 21.35, 21.58, 21.21, 19.26, 16.78, 14.81, 14.22, 14.06, 14.04, 14.30, 15.34, 17.12, 18.93, 19.29, 17.60, 13.47, 8.43, 3.78, 1.16, 0.13, 0.02, 0.00, 0.00, 0.00
0.00, 0.00, 0.00, 0.00, 0.00, 0.05, 0.63, 3.21, 8.10, 14.18, 18.69, 20.95, 21.48, 21.50, 21.45, 21.48, 21.56, 21.60, 21.48, 20.87, 20.15, 19.62, 19.50, 19.47, 19.47, 19.55, 19.55, 19.26, 18.32, 16.17, 12.63, 8.01, 3.96, 1.32, 0.32, 0.02, 0.01, 0.00, 0.00, 0.00
0.00, 0.00, 0.00, 0.00, 0.00, 0.01, 0.22, 1.20, 4.33, 9.49, 14.67, 18.04, 19.59, 20.46, 21.03, 21.40, 21.55, 21.60, 21.56, 21.36, 21.02, 20.62, 20.37, 20.25, 20.22, 20.14, 19.21, 17.10, 13.84, 10.18, 6.56, 3.39, 1.25, 0.25, 0.02, 0.00, 0.00, 0.00, 0.00, 0.00
0.00, 0.00, 0.00, 0.00, 0.00, 0.01, 0.04, 0.22, 1.71, 4.75, 8.51, 11.79, 14.43, 16.84, 18.75, 19.99, 20.50, 20.65, 20.52, 19.88, 18.72, 17.35, 16.49, 16.14, 16.08, 15.84, 14.32, 11.29, 7.48, 4.27, 2.10, 0.85, 0.25, 0.05, 0.01, 0.00, 0.00, 0.00, 0.00, 0.00
0.00, 0.00, 0.00, 0.00, 0.00, 0.00, 0.01, 0.02, 0.46, 1.47, 2.98, 4.97, 7.49, 10.41, 12.85, 14.44, 15.09, 15.28, 15.12, 14.32, 12.84, 11.08, 9.96, 9.53, 9.47, 9.17, 7.76, 5.23, 2.68, 1.10, 0.43, 0.13, 0.02, 0.01, 0.00, 0.00, 0.00, 0.00, 0.00, 0.00
0.00, 0.00, 0.00, 0.00, 0.00, 0.00, 0.00, 0.00, 0.04, 0.15, 0.44, 1.20, 2.50, 4.17, 5.58, 6.50, 6.88, 6.99, 6.90, 6.43, 5.56, 4.54, 3.90, 3.65, 3.61, 3.43, 2.71, 1.51, 0.49, 0.04, 0.01, 0.00, 0.00, 0.00, 0.00, 0.00, 0.00, 0.00, 0.00, 0.00
0.00, 0.00, 0.00, 0.00, 0.00, 0.00, 0.00, 0.00, 0.01, 0.03, 0.07, 0.19, 0.39, 0.65, 0.87, 1.01, 1.07, 1.09, 1.07, 1.00, 0.87, 0.71, 0.61, 0.57, 0.56, 0.54, 0.42, 0.24, 0.08, 0.01, 0.00, 0.00, 0.00, 0.00, 0.00, 0.00, 0.00, 0.00, 0.00, 0.00
0.00, 0.00, 0.00, 0.00, 0.00, 0.00, 0.00, 0.00, 0.00, 0.00, 0.00, 0.00, 0.00, 0.00, 0.00, 0.00, 0.00, 0.00, 0.00, 0.00, 0.00, 0.00, 0.00, 0.00, 0.00, 0.00, 0.00, 0.00, 0.00, 0.00, 0.00, 0.00, 0.00, 0.00, 0.00, 0.00, 0.00, 0.00, 0.00, 0.00
0.00, 0.00, 0.00, 0.00, 0.00, 0.00, 0.00, 0.00, 0.00, 0.00, 0.00, 0.00, 0.00, 0.00, 0.00, 0.00, 0.00, 0.00, 0.00, 0.00, 0.00, 0.00, 0.00, 0.00, 0.00, 0.00, 0.00, 0.00, 0.00, 0.00, 0.00, 0.00, 0.00, 0.00, 0.00, 0.00, 0.00, 0.00, 0.00, 0.00
0.00, 0.00, 0.00, 0.00, 0.00, 0.00, 0.00, 0.00, 0.00, 0.00, 0.00, 0.00, 0.00, 0.00, 0.00, 0.00, 0.00, 0.00, 0.00, 0.00, 0.00, 0.00, 0.00, 0.00, 0.00, 0.00, 0.00, 0.00, 0.00, 0.00, 0.00, 0.00, 0.00, 0.00, 0.00, 0.00, 0.00, 0.00, 0.00, 0.00
0.00, 0.00, 0.00, 0.00, 0.00, 0.00, 0.00, 0.00, 0.00, 0.00, 0.00, 0.00, 0.00, 0.00, 0.00, 0.00, 0.00, 0.00, 0.00, 0.00, 0.00, 0.00, 0.00, 0.00, 0.00, 0.00, 0.00, 0.00, 0.00, 0.00, 0.00, 0.00, 0.00, 0.00, 0.00, 0.00, 0.00, 0.00, 0.00, 0.00
0.00, 0.00, 0.00, 0.00, 0.00, 0.00, 0.00, 0.00, 0.00, 0.00, 0.00, 0.00, 0.00, 0.00, 0.00, 0.00, 0.00, 0.00, 0.00, 0.00, 0.00, 0.00, 0.00, 0.00, 0.00, 0.00, 0.00, 0.00, 0.00, 0.00, 0.00, 0.00, 0.00, 0.00, 0.00, 0.00, 0.00, 0.00, 0.00, 0.00
0.00, 0.00, 0.00, 0.00, 0.00, 0.00, 0.00, 0.00, 0.00, 0.00, 0.00, 0.00, 0.00, 0.00, 0.00, 0.00, 0.00, 0.00, 0.00, 0.00, 0.00, 0.00, 0.00, 0.00, 0.00, 0.00, 0.00, 0.00, 0.00, 0.00, 0.00, 0.00, 0.00, 0.00, 0.00, 0.00, 0.00, 0.00, 0.00, 0.00

Channel 2:
-0.00, -0.00, -0.00, -0.00, -0.00, -0.00, -0.00, -0.00, -0.00, -0.00, -0.00, -0.00, -0.00, -0.00, -0.00, -0.00, -0.00, -0.00, -0.00, -0.00, -0.00, -0.00, -0.00, -0.00, -0.00, -0.00, -0.00, -0.00, -0.00, -0.00, -0.00, -0.00, -0.00, -0.00, -0.00, -0.00, -0.00, -0.00, -0.00, -0.00
-0.00, -0.00, -0.00, -0.00, -0.00, -0.00, -0.00, -0.00, -0.00, -0.00, -0.00, -0.00, -0.00, -0.00, -0.00, -0.00, -0.00, -0.00, -0.00, -0.00, -0.00, -0.00, -0.00, -0.00, -0.00, -0.00, -0.00, -0.00, -0.00, -0.00, -0.00, -0.00, -0.00, -0.00, -0.00, -0.00, -0.00, -0.00, -0.00, -0.00
-0.00, -0.00, -0.00, -0.00, -0.00, -0.00, -0.00, -0.00, -0.00, -0.00, -0.00, -0.00, -0.00, -0.00, -0.00, -0.00, -0.00, -0.00, -0.00, -0.00, -0.00, -0.00, -0.00, -0.00, -0.00, -0.00, -0.00, -0.00, -0.00, -0.00, -0.00, -0.00, -0.00, -0.00, -0.00, -0.00, -0.00, -0.00, -0.00, -0.00
-0.00, -0.00, -0.00, -0.00, -0.00, -0.00, -0.00, -0.00, -0.00, -0.00, -0.00, -0.00, -0.00, -0.00, -0.00, -0.00, -0.00, -0.00, -0.00, -0.00, -0.00, -0.00, -0.00, -0.00, -0.00, -0.00, -0.00, -0.00, -0.00, -0.00, -0.00, -0.00, -0.00, -0.00, -0.00, -0.00, -0.00, -0.00, -0.00, -0.00
-0.00, -0.00, -0.00, -0.00, -0.00, -0.00, -0.00, -0.00, -0.00, -0.00, -0.00, -0.00, -0.00, -0.00, -0.00, -0.00, -0.00, -0.00, -0.00, -0.00, -0.00, -0.00, -0.00, -0.00, -0.00, -0.00, -0.00, -0.00, -0.00, -0.00, -0.00, -0.00, -0.00, -0.00, -0.00, -0.00, -0.00, -0.00, -0.00, -0.00
-0.00, -0.00, -0.00, -0.00, -0.00, -0.00, -0.00, -0.00, -0.00, -0.00, -0.00, -0.00, -0.00, -0.00, -0.00, -0.00, -0.00, -0.00, -0.00, -0.00, -0.00, -0.00, -0.00, -0.00, -0.00, -0.00, -0.00, -0.00, -0.00, -0.00, -0.00, -0.00, 0.01, 0.00, -0.00, -0.00, -0.00, -0.00, -0.00, -0.00
-0.00, -0.00, -0.00, -0.00, -0.00, -0.00, -0.00, -0.00, -0.00, -0.00, -0.00, -0.00, -0.00, -0.00, -0.00, -0.00, -0.00, -0.00, -0.00, -0.00, -0.00, -0.00, -0.00, -0.00, -0.00, -0.00, -0.00, -0.00, -0.00, -0.00, -0.00, -0.00, 0.01, -0.00, -0.00, -0.00, -0.00, -0.00, -0.00, -0.00
-0.00, -0.00, -0.00, -0.00, -0.00, -0.00, -0.00, -0.00, -0.00, -0.00, -0.00, -0.00, -0.00, -0.00, -0.00, -0.00, -0.00, -0.00, -0.00, -0.00, -0.00, -0.00, -0.00, -0.00, -0.00, -0.00, -0.00, -0.00, -0.00, -0.00, -0.00, 0.02, -0.00, -0.00, -0.00, -0.00, -0.00, -0.00, -0.00, -0.00
-0.00, -0.00, -0.00, -0.00, -0.00, -0.00, -0.00, -0.00, -0.00, -0.00, -0.00, -0.00, -0.00, -0.00, -0.00, -0.00, -0.00, -0.00, -0.00, -0.00, -0.00, -0.00, -0.00, -0.00, -0.00, -0.00, -0.00, -0.00, -0.00, 0.01, -0.00, -0.00, -0.00, -0.00, -0.00, -0.00, -0.00, -0.00, -0.00, -0.00
-0.00, -0.00, -0.00, -0.00, -0.00, -0.00, -0.00, -0.00, -0.00, -0.00, -0.00, -0.00, -0.00, -0.00, -0.00, -0.00, -0.00, -0.00, -0.00, -0.00, -0.00, -0.00, -0.00, -0.00, -0.00, -0.00, -0.00, -0.00, 0.00, 0.00, -0.00, -0.00, -0.00, -0.00, -0.00, -0.00, -0.00, -0.00, -0.00, -0.00
-0.00, -0.00, -0.00, -0.00, -0.00, -0.00, -0.00, -0.00, -0.00, -0.00, -0.00, -0.00, -0.00, -0.00, -0.00, -0.00, -0.00, -0.00, -0.00, -0.00, -0.00, -0.00, -0.00, -0.00, -0.00, -0.00, 0.01, 0.01, -0.00, -0.00, -0.00, -0.00, -0.00, -0.00, -0.00, -0.00, -0.00, -0.00, -0.00, -0.00
-0.00, -0.00, -0.00, -0.00, -0.00, -0.00, -0.00, -0.00, -0.00, -0.00, -0.00, -0.00, -0.00, -0.00, -0.00, -0.00, -0.00, -0.00, -0.00, -0.00, -0.00, -0.00, -0.00, -0.00, -0.00, 0.01, 0.00, -0.00, -0.00, -0.00, -0.00, -0.00, -0.00, -0.00, -0.00, -0.00, -0.00, -0.00, -0.00, -0.00
-0.00, -0.00, -0.00, -0.00, -0.00, -0.00, -0.00, -0.00, -0.00, -0.00, -0.00, -0.00, -0.00, -0.00, -0.00, -0.00, -0.00, -0.00, -0.00, -0.00, -0.00, -0.00, -0.00, -0.00, -0.00, 0.01, -0.00, -0.00, -0.00, -0.00, -0.00, -0.00, -0.00, -0.00, -0.00, -0.00, -0.00, -0.00, -0.00, -0.00
-0.00, -0.00, -0.00, -0.00, -0.00, -0.00, -0.00, -0.00, -0.00, -0.00, -0.00, -0.00, -0.00, -0.00, -0.00, -0.00, -0.00, -0.00, -0.00, -0.00, -0.00, -0.00, -0.00, -0.00, 0.00, -0.00, -0.00, -0.00, -0.00, -0.00, -0.00, -0.00, -0.00, -0.00, -0.00, -0.00, -0.00, -0.00, -0.00, -0.00
-0.00, -0.00, -0.00, -0.00, -0.00, -0.00, -0.00, -0.00, -0.00, -0.00, -0.00, -0.00, -0.00, -0.00, -0.00, -0.00, -0.00, -0.00, -0.00, -0.00, -0.00, -0.00, -0.00, 0.02, 0.00, -0.00, -0.00, -0.00, -0.00, -0.00, -0.00, -0.00, -0.00, -0.00, -0.00, -0.00, -0.00, -0.00, -0.00, -0.00
-0.00, -0.00, -0.00, -0.00, -0.00, -0.00, -0.00, -0.00, -0.00, -0.00, -0.00, -0.00, -0.00, -0.00, -0.00, -0.00, -0.00, -0.00, -0.00, -0.00, -0.00, -0.00, 0.00, 0.00, -0.00, -0.00, -0.00, -0.00, -0.00, -0.00, -0.00, -0.00, -0.00, -0.00, -0.00, -0.00, -0.00, -0.00, -0.00, -0.00
-0.00, -0.00, -0.00, -0.00, -0.00, -0.00, -0.00, -0.00, -0.00, -0.00, -0.00, -0.00, -0.00, -0.00, -0.00, -0.00, -0.00, -0.00, -0.00, -0.00, -0.00, 0.02, 0.03, -0.00, -0.00, -0.00, -0.00, -0.00, -0.00, -0.00, -0.00, -0.00, -0.00, -0.00, -0.00, -0.00, -0.00, -0.00, -0.00, -0.00
-0.00, -0.00, -0.00, -0.00, -0.00, -0.00, -0.00, -0.00, -0.00, -0.00, -0.00, -0.00, -0.00, -0.00, -0.00, -0.00, -0.00, -0.00, -0.00, -0.00, 0.00, -0.00, -0.00, -0.00, -0.00, -0.00, -0.00, -0.00, -0.00, -0.00, -0.00, -0.00, -0.00, -0.00, -0.00, -0.00, -0.00, -0.00, -0.00, -0.00
-0.00, -0.00, -0.00, -0.00, -0.00, -0.00, -0.00, -0.00, -0.00, -0.00, -0.00, -0.00, -0.00, -0.00, -0.00, -0.00, -0.00, -0.00, -0.00, -0.00, -0.00, -0.00, -0.00, -0.00, -0.00, -0.00, -0.00, -0.00, -0.00, -0.00, -0.00, -0.00, -0.00, -0.00, -0.00, -0.00, -0.00, -0.00, -0.00, -0.00
-0.00, -0.00, -0.00, -0.00, -0.00, -0.00, -0.00, -0.00, -0.00, -0.00, -0.00, -0.00, -0.00, -0.00, -0.00, -0.00, -0.00, -0.00, -0.00, -0.00, -0.00, -0.00, -0.00, -0.00, -0.00, -0.00, -0.00, -0.00, -0.00, -0.00, -0.00, -0.00, -0.00, -0.00, -0.00, -0.00, -0.00, -0.00, -0.00, -0.00
-0.00, -0.00, -0.00, -0.00, -0.00, -0.00, -0.00, -0.00, -0.00, -0.00, -0.00, -0.00, -0.00, -0.00, -0.00, -0.00, -0.00, -0.00, -0.00, -0.00, -0.00, -0.00, -0.00, -0.00, -0.00, -0.00, -0.00, -0.00, -0.00, -0.00, -0.00, -0.00, -0.00, -0.00, -0.00, -0.00, -0.00, -0.00, -0.00, -0.00
-0.00, -0.00, -0.00, -0.00, -0.00, -0.00, -0.00, -0.00, -0.00, -0.00, -0.00, -0.00, -0.00, -0.00, -0.00, -0.00, -0.00, -0.00, -0.00, -0.00, -0.00, -0.00, -0.00, -0.00, -0.00, -0.00, -0.00, -0.00, -0.00, -0.00, -0.00, -0.00, -0.00, -0.00, -0.00, -0.00, -0.00, -0.00, -0.00, -0.00
-0.00, -0.00, -0.00, -0.00, -0.00, -0.00, -0.00, -0.00, -0.00, -0.00, -0.00, -0.00, -0.00, -0.00, -0.00, -0.00, -0.00, -0.00, -0.00, -0.00, -0.00, -0.00, -0.00, -0.00, -0.00, -0.00, -0.00, -0.00, -0.00, -0.00, -0.00, -0.00, -0.00, -0.00, -0.00, -0.00, -0.00, -0.00, -0.00, -0.00
-0.00, -0.00, -0.00, -0.00, -0.00, -0.00, -0.00, -0.00, -0.00, -0.00, -0.00, -0.00, -0.00, -0.00, -0.00, -0.00, -0.00, -0.00, -0.00, -0.00, -0.00, -0.00, -0.00, -0.00, -0.00, -0.00, -0.00, -0.00, -0.00, -0.00, -0.00, -0.00, -0.00, -0.00, -0.00, -0.00, -0.00, -0.00, -0.00, -0.00
-0.00, -0.00, -0.00, -0.00, -0.00, -0.00, -0.00, -0.00, -0.00, -0.00, -0.00, -0.00, -0.00, -0.00, -0.00, -0.00, -0.00, -0.00, -0.00, -0.00, -0.00, -0.00, -0.00, -0.00, -0.00, -0.00, -0.00, -0.00, -0.00, -0.00, -0.00, -0.00, -0.00, -0.00, -0.00, -0.00, -0.00, -0.00, -0.00, -0.00
-0.00, -0.00, -0.00, -0.00, -0.00, -0.00, -0.00, -0.00, -0.00, -0.00, -0.00, -0.00, -0.00, -0.00, -0.00, -0.00, -0.00, -0.00, -0.00, -0.00, -0.00, -0.00, -0.00, -0.00, -0.00, -0.00, -0.00, -0.00, -0.00, -0.00, -0.00, -0.00, -0.00, -0.00, -0.00, -0.00, -0.00, -0.00, -0.00, -0.00
-0.00, -0.00, -0.00, -0.00, -0.00, -0.00, -0.00, -0.00, -0.00, -0.00, -0.00, -0.00, -0.00, -0.00, -0.00, -0.00, -0.00, -0.00, -0.00, -0.00, -0.00, -0.00, -0.00, -0.00, -0.00, -0.00, -0.00, -0.00, -0.00, -0.00, -0.00, -0.00, -0.00, -0.00, -0.00, -0.00, -0.00, -0.00, -0.00, -0.00
-0.00, -0.00, -0.00, -0.00, -0.00, -0.00, -0.00, -0.00, -0.00, -0.00, -0.00, -0.00, -0.00, -0.00, -0.00, -0.00, -0.00, -0.00, -0.00, -0.00, -0.00, -0.00, -0.00, -0.00, -0.00, -0.00, -0.00, -0.00, -0.00, -0.00, -0.00, -0.00, -0.00, -0.00, 0.00, -0.00, -0.00, -0.00, -0.00, -0.00
-0.00, -0.00, -0.00, -0.00, -0.00, -0.00, -0.00, -0.00, -0.00, -0.00, -0.00, -0.00, -0.00, -0.00, -0.00, -0.00, -0.00, -0.00, -0.00, -0.00, -0.00, -0.00, -0.00, -0.00, -0.00, -0.00, -0.00, -0.00, -0.00, -0.00, -0.00, -0.00, -0.00, -0.00, 0.02, -0.00, -0.00, -0.00, -0.00, -0.00
-0.00, -0.00, -0.00, -0.00, -0.00, -0.00, -0.00, -0.00, -0.00, -0.00, -0.00, -0.00, -0.00, -0.00, -0.00, -0.00, -0.00, -0.00, -0.00, -0.00, -0.00, -0.00, -0.00, -0.00, -0.00, -0.00, -0.00, -0.00, -0.00, -0.00, -0.00, -0.00, 0.01, 0.00, -0.00, -0.00, -0.00, -0.00, -0.00, -0.00
-0.00, -0.00, -0.00, -0.00, -0.00, -0.00, -0.00, -0.00, -0.00, -0.00, -0.00, -0.00, -0.00, -0.00, -0.00, -0.00, -0.00, -0.00, -0.00, -0.00, -0.00, -0.00, -0.00, -0.00, -0.00, -0.00, -0.00, -0.00, -0.00, -0.00, -0.00, -0.00, 0.00, -0.00, -0.00, -0.00, -0.00, -0.00, -0.00, -0.00
-0.00, -0.00, -0.00, -0.00, -0.00, -0.00, -0.00, -0.00, -0.00, -0.00, -0.00, -0.00, -0.00, -0.00, -0.00, -0.00, -0.00, -0.00, -0.00, -0.00, -0.00, -0.00, -0.00, -0.00, -0.00, -0.00, -0.00, -0.00, -0.00, -0.00, 0.01, 0.00, -0.00, -0.00, -0.00, -0.00, -0.00, -0.00, -0.00, -0.00
-0.00, -0.00, -0.00, -0.00, -0.00, -0.00, -0.00, -0.00, -0.00, -0.00, -0.00, -0.00, -0.00, -0.00, -0.00, -0.00, -0.00, -0.00, -0.00, -0.00, -0.00, -0.00, -0.00, -0.00, -0.00, -0.00, -0.00, -0.00, 0.02, -0.00, -0.00, -0.00, -0.00, -0.00, -0.00, -0.00, -0.00, -0.00, -0.00, -0.00
-0.00, -0.00, -0.00, -0.00, -0.00, -0.00, -0.00, -0.00, -0.00, -0.00, -0.00, -0.00, -0.00, -0.00, -0.00, -0.00, -0.00, -0.00, -0.00, -0.00, -0.00, -0.00, -0.00, -0.00, -0.00, -0.00, -0.00, -0.00, 0.00, -0.00, -0.00, -0.00, -0.00, -0.00, -0.00, -0.00, -0.00, -0.00, -0.00, -0.00
-0.00, -0.00, -0.00, -0.00, -0.00, -0.00, -0.00, -0.00, -0.00, -0.00, -0.00, -0.00, -0.00, -0.00, -0.00, -0.00, -0.00, -0.00, -0.00, -0.00, -0.00, -0.00, -0.00, -0.00, -0.00, -0.00, -0.00, -0.00, -0.00, -0.00, -0.00, -0.00, -0.00, -0.00, -0.00, -0.00, -0.00, -0.00, -0.00, -0.00
-0.00, -0.00, -0.00, -0.00, -0.00, -0.00, -0.00, -0.00, -0.00, -0.00, -0.00, -0.00, -0.00, -0.00, -0.00, -0.00, -0.00, -0.00, -0.00, -0.00, -0.00, -0.00, -0.00, -0.00, -0.00, -0.00, -0.00, -0.00, -0.00, -0.00, -0.00, -0.00, -0.00, -0.00, -0.00, -0.00, -0.00, -0.00, -0.00, -0.00
-0.00, -0.00, -0.00, -0.00, -0.00, -0.00, -0.00, -0.00, -0.00, -0.00, -0.00, -0.00, -0.00, -0.00, -0.00, -0.00, -0.00, -0.00, -0.00, -0.00, -0.00, -0.00, -0.00, -0.00, -0.00, -0.00, -0.00, -0.00, -0.00, -0.00, -0.00, -0.00, -0.00, -0.00, -0.00, -0.00, -0.00, -0.00, -0.00, -0.00
-0.00, -0.00, -0.00, -0.00, -0.00, -0.00, -0.00, -0.00, -0.00, -0.00, -0.00, -0.00, -0.00, -0.00, -0.00, -0.00, -0.00, -0.00, -0.00, -0.00, -0.00, -0.00, -0.00, -0.00, -0.00, -0.00, -0.00, -0.00, -0.00, -0.00, -0.00, -0.00, -0.00, -0.00, -0.00, -0.00, -0.00, -0.00, -0.00, -0.00
-0.00, -0.00, -0.00, -0.00, -0.00, -0.00, -0.00, -0.00, -0.00, -0.00, -0.00, -0.00, -0.00, -0.00, -0.00, -0.00, -0.00, -0.00, -0.00, -0.00, -0.00, -0.00, -0.00, -0.00, -0.00, -0.00, -0.00, -0.00, -0.00, -0.00, -0.00, -0.00, -0.00, -0.00, -0.00, -0.00, -0.00, -0.00, -0.00, -0.00
-0.00, -0.00, -0.00, -0.00, -0.00, -0.00, -0.00, -0.00, -0.00, -0.00, -0.00, -0.00, -0.00, -0.00, -0.00, -0.00, -0.00, -0.00, -0.00, -0.00, -0.00, -0.00, -0.00, -0.00, -0.00, -0.00, -0.00, -0.00, -0.00, -0.00, -0.00, -0.00, -0.00, -0.00, -0.00, -0.00, -0.00, -0.00, -0.00, -0.00

Channel 3:
-0.00, -0.00, -0.00, -0.00, -0.00, -0.00, -0.00, -0.00, -0.00, -0.00, -0.00, -0.00, -0.00, -0.00, -0.00, -0.00, -0.00, -0.00, -0.00, -0.00, -0.00, -0.00, -0.00, -0.00, -0.00, 0.01, 0.03, 0.05, 0.06, 0.06, 0.04, 0.01, -0.00, -0.00, -0.00, -0.00, -0.00, -0.00, -0.00, -0.00
-0.00, -0.00, -0.00, -0.00, -0.00, -0.00, -0.00, -0.00, -0.00, -0.00, -0.00, -0.00, -0.00, -0.00, -0.00, -0.00, -0.00, -0.00, -0.00, -0.00, -0.00, -0.00, -0.00, -0.00, 0.01, 0.06, 0.15, 0.25, 0.29, 0.25, 0.17, 0.08, 0.02, -0.00, -0.00, -0.00, -0.00, -0.00, -0.00, -0.00
-0.00, -0.00, -0.00, -0.00, -0.00, -0.00, -0.00, -0.00, -0.00, -0.00, -0.00, -0.00, -0.00, -0.00, -0.00, -0.00, -0.00, -0.00, -0.00, -0.00, -0.00, 0.01, 0.04, 0.09, 0.14, 0.15, 0.16, 0.13, 0.12, 0.08, 0.05, 0.02, -0.00, -0.00, -0.00, -0.00, -0.00, -0.00, -0.00, -0.00
-0.00, -0.00, -0.00, -0.00, -0.00, -0.00, -0.00, -0.00, -0.00, -0.00, -0.00, -0.00, -0.00, -0.00, -0.00, -0.00, -0.00, -0.00, -0.00, 0.01, 0.03, 0.05, 0.10, 0.15, 0.18, 0.12, -0.00, -0.00, -0.00, -0.00, -0.00, -0.00, -0.00, -0.00, -0.00, -0.00, -0.00, -0.00, -0.00, -0.00
-0.00, -0.00, -0.00, -0.00, -0.00, -0.00, -0.00, -0.00, -0.00, -0.00, -0.00, -0.00, -0.00, -0.00, -0.00, -0.00, -0.00, -0.00, 0.01, 0.06, 0.12, 0.18, 0.18, 0.13, 0.02, -0.00, -0.00, -0.00, -0.00, -0.00, -0.00, -0.00, -0.00, -0.00, -0.00, -0.00, -0.00, -0.00, -0.00, -0.00
-0.00, -0.00, -0.00, -0.00, -0.00, -0.00, -0.00, -0.00, -0.00, -0.00, -0.00, -0.00, -0.00, -0.00, 0.00, 0.02, 0.05, 0.09, 0.14, 0.16, 0.16, 0.11, 0.03, -0.00, -0.00, -0.00, -0.00, -0.00, -0.00, -0.00, -0.00, -0.00, -0.00, -0.00, -0.00, -0.00, -0.00, -0.00, -0.00, -0.00
-0.00, -0.00, -0.00, -0.00, -0.00, -0.00, -0.00, -0.00, -0.00, -0.00, -0.00, -0.00, 0.00, 0.02, 0.05, 0.08, 0.12, 0.15, 0.17, 0.13, 0.03, -0.00, -0.00, -0.00, -0.00, -0.00, -0.00, -0.00, -0.00, -0.00, -0.00, -0.00, -0.00, -0.00, -0.00, -0.00, -0.00, -0.00, -0.00, -0.00
-0.00, -0.00, -0.00, -0.00, -0.00, -0.00, -0.00, -0.00, -0.00, -0.00, -0.00, 0.00, 0.04, 0.12, 0.18, 0.22, 0.20, 0.12, 0.02, -0.00, -0.00, -0.00, -0.00, -0.00, -0.00, -0.00, -0.00, -0.00, -0.00, -0.00, -0.00, -0.00, -0.00, -0.00, -0.00, -0.00, -0.00, -0.00, -0.00, -0.00
-0.00, -0.00, -0.00, -0.00, -0.00, -0.00, -0.00, -0.00, -0.00, -0.00, -0.00, -0.00, -0.00, -0.00, -0.00, -0.00, -0.00, -0.00, -0.00, -0.00, -0.00, -0.00, -0.00, -0.00, -0.00, -0.00, -0.00, -0.00, -0.00, -0.00, -0.00, -0.00, -0.00, -0.00, -0.00, -0.00, -0.00, -0.00, -0.00, -0.00
-0.00, -0.00, -0.00, -0.00, -0.00, -0.00, -0.00, -0.00, -0.00, -0.00, -0.00, -0.00, -0.00, -0.00, -0.00, -0.00, -0.00, -0.00, -0.00, -0.00, -0.00, -0.00, -0.00, -0.00, -0.00, -0.00, -0.00, -0.00, -0.00, -0.00, -0.00, -0.00, -0.00, -0.00, -0.00, -0.00, -0.00, -0.00, -0.00, -0.00
-0.00, -0.00, -0.00, -0.00, -0.00, -0.00, -0.00, -0.00, -0.00, -0.00, -0.00, -0.00, -0.00, -0.00, -0.00, -0.00, -0.00, -0.00, -0.00, -0.00, -0.00, -0.00, -0.00, -0.00, -0.00, -0.00, -0.00, -0.00, -0.00, -0.00, -0.00, -0.00, -0.00, -0.00, -0.00, -0.00, -0.00, -0.00, -0.00, -0.00
-0.00, -0.00, -0.00, -0.00, -0.00, -0.00, -0.00, -0.00, -0.00, -0.00, -0.00, -0.00, -0.00, -0.00, -0.00, 0.01, -0.00, -0.00, -0.00, -0.00, -0.00, -0.00, -0.00, -0.00, -0.00, -0.00, -0.00, -0.00, -0.00, -0.00, -0.00, -0.00, -0.00, -0.00, -0.00, -0.00, -0.00, -0.00, -0.00, -0.00
-0.00, -0.00, -0.00, -0.00, -0.00, -0.00, -0.00, -0.00, -0.00, -0.00, -0.00, -0.00, 0.01, 0.05, 0.07, 0.05, -0.00, -0.00, -0.00, -0.00, -0.00, -0.00, -0.00, -0.00, -0.00, -0.00, -0.00, -0.00, -0.00, -0.00, -0.00, -0.00, -0.00, -0.00, -0.00, -0.00, -0.00, -0.00, -0.00, -0.00
-0.00, -0.00, -0.00, -0.00, -0.00, -0.00, -0.00, -0.00, -0.00, -0.00, -0.00, 0.01, 0.06, 0.09, 0.07, -0.00, -0.00, -0.00, -0.00, -0.00, -0.00, -0.00, -0.00, -0.00, -0.00, -0.00, -0.00, -0.00, -0.00, -0.00, -0.00, -0.00, -0.00, -0.00, -0.00, -0.00, -0.00, -0.00, -0.00, -0.00
-0.00, -0.00, -0.00, -0.00, -0.00, -0.00, -0.00, -0.00, -0.00, -0.00, 0.03, 0.08, 0.13, 0.07, -0.00, -0.00, -0.00, -0.00, -0.00, -0.00, -0.00, -0.00, -0.00, -0.00, -0.00, -0.00, -0.00, -0.00, -0.00, -0.00, -0.00, -0.00, -0.00, -0.00, -0.00, -0.00, -0.00, -0.00, -0.00, -0.00
-0.00, -0.00, -0.00, -0.00, -0.00, -0.00, -0.00, -0.00, -0.00, 0.02, 0.07, 0.11, 0.09, -0.00, -0.00, -0.00, -0.00, -0.00, -0.00, -0.00, -0.00, -0.00, -0.00, -0.00, -0.00, -0.00, -0.00, -0.00, -0.00, -0.00, -0.00, -0.00, -0.00, -0.00, -0.00, -0.00, -0.00, -0.00, -0.00, -0.00
-0.00, -0.00, -0.00, -0.00, -0.00, -0.00, -0.00, -0.00, 0.02, 0.06, 0.10, 0.06, -0.00, -0.00, -0.00, -0.00, -0.00, -0.00, -0.00, -0.00, -0.00, -0.00, 0.00, -0.00, -0.00, -0.00, -0.00, 0.00, 0.01, 0.01, 0.01, 0.01, 0.00, -0.00, -0.00, -0.00, -0.00, -0.00, -0.00, -0.00
-0.00, -0.00, -0.00, -0.00, -0.00, -0.00, -0.00, -0.00, -0.00, 0.01, -0.00, -0.00, -0.00, -0.00, -0.00, -0.00, -0.00, -0.00, -0.00, -0.00, -0.00, -0.00, -0.00, -0.00, 0.01, 0.07, 0.13, 0.19, 0.22, 0.23, 0.22, 0.21, 0.16, 0.09, 0.03, -0.00, -0.00, -0.00, -0.00, -0.00
-0.00, -0.00, -0.00, -0.00, -0.00, -0.00, -0.00, -0.00, -0.00, -0.00, -0.00, -0.00, -0.00, -0.00, -0.00, -0.00, -0.00, -0.00, -0.00, -0.00, -0.00, 0.01, 0.02, 0.04, 0.06, 0.12, 0.19, 0.23, 0.24, 0.23, 0.23, 0.23, 0.19, 0.09, 0.02, 0.01, -0.00, -0.00, -0.00, -0.00
-0.00, -0.00, -0.00, -0.00, -0.00, -0.00, -0.00, 0.01, -0.00, -0.00, -0.00, -0.00, -0.00, -0.00, -0.00, -0.00, -0.00, -0.00, -0.00, 0.00, 0.02, 0.05, 0.11, 0.16, 0.16, 0.10, 0.04, -0.00, -0.00, -0.00, -0.00, -0.00, 0.00, 0.06, 0.03, 0.02, -0.00, -0.00, -0.00, -0.00
-0.00, -0.00, -0.00, -0.00, -0.00, -0.00, 0.00, 0.05, 0.02, -0.00, -0.00, -0.00, -0.00, -0.00, -0.00, -0.00, -0.00, 0.01, 0.10, 0.14, 0.18, 0.19, 0.17, 0.17, 0.08, -0.00, -0.00, -0.00, -0.00, -0.00, -0.00, -0.00, -0.00, 0.02, 0.05, -0.00, -0.00, -0.00, -0.00, -0.00
-0.00, -0.00, -0.00, -0.00, -0.00, -0.00, 0.00, 0.04, 0.01, -0.00, -0.00, -0.00, -0.00, -0.00, -0.00, -0.00, -0.00, 0.10, 0.17, 0.19, 0.19, 0.16, 0.06, -0.00, -0.00, -0.00, -0.00, -0.00, -0.00, -0.00, -0.00, -0.00, -0.00, -0.00, -0.00, -0.00, -0.00, -0.00, -0.00, -0.00
-0.00, -0.00, -0.00, -0.00, -0.00, -0.00, -0.00, -0.00, -0.00, -0.00, -0.00, -0.00, -0.00, -0.00, -0.00, 0.04, 0.17, 0.18, 0.11, 0.03, -0.00, -0.00, -0.00, -0.00, -0.00, -0.00, -0.00, -0.00, -0.00, -0.00, -0.00, -0.00, -0.00, -0.00, -0.00, -0.00, -0.00, -0.00, -0.00, -0.00
-0.00, -0.00, -0.00, -0.00, -0.00, -0.00, -0.00, -0.00, -0.00, -0.00, -0.00, -0.00, -0.00, -0.00, -0.00, 0.06, 0.07, -0.00, -0.00, -0.00, -0.00, -0.00, -0.00, -0.00, -0.00, -0.00, -0.00, -0.00, -0.00, -0.00, -0.00, -0.00, -0.00, -0.00, -0.00, -0.00, -0.00, -0.00, -0.00, -0.00
-0.00, -0.00, -0.00, -0.00, -0.00, -0.00, -0.00, -0.00, -0.00, -0.00, -0.00, -0.00, -0.00, -0.00, -0.00, -0.00, -0.00, -0.00, -0.00, -0.00, -0.00, -0.00, -0.00, -0.00, -0.00, -0.00, -0.00, -0.00, -0.00, -0.00, -0.00, -0.00, -0.00, -0.00, -0.00, -0.00, -0.00, -0.00, -0.00, -0.00
-0.00, -0.00, -0.00, -0.00, -0.00, -0.00, -0.00, -0.00, -0.00, -0.00, -0.00, -0.00, -0.00, -0.00, -0.00, -0.00, -0.00, -0.00, -0.00, -0.00, -0.00, -0.00, -0.00, -0.00, -0.00, -0.00, -0.00, -0.00, -0.00, -0.00, -0.00, -0.00, -0.00, -0.00, -0.00, -0.00, -0.00, -0.00, -0.00, -0.00
-0.00, -0.00, -0.00, -0.00, -0.00, -0.00, -0.00, -0.00, -0.00, -0.00, -0.00, -0.00, -0.00, -0.00, -0.00, -0.00, -0.00, -0.00, -0.00, -0.00, -0.00, 0.06, 0.11, 0.13, 0.15, 0.11, 0.07, 0.06, -0.00, -0.00, -0.00, -0.00, -0.00, -0.00, -0.00, -0.00, -0.00, -0.00, -0.00, -0.00
-0.00, -0.00, -0.00, -0.00, -0.00, -0.00, -0.00, -0.00, -0.00, -0.00, -0.00, -0.00, -0.00, -0.00, -0.00, -0.00, -0.00, -0.00, -0.00, -0.00, 0.01, 0.07, 0.09, 0.09, 0.09, 0.06, -0.00, -0.00, -0.00, -0.00, -0.00, -0.00, -0.00, -0.00, -0.00, -0.00, -0.00, -0.00, -0.00, -0.00
-0.00, -0.00, -0.00, -0.00, -0.00, -0.00, -0.00, -0.00, -0.00, -0.00, -0.00, -0.00, -0.00, -0.00, -0.00, -0.00, -0.00, -0.00, -0.00, -0.00, -0.00, -0.00, -0.00, -0.00, -0.00, -0.00, -0.00, -0.00, -0.00, -0.00, -0.00, -0.00, -0.00, -0.00, 0.00, -0.00, -0.00, -0.00, -0.00, -0.00
-0.00, -0.00, -0.00, -0.00, -0.00, -0.00, -0.00, -0.00, -0.00, -0.00, -0.00, -0.00, -0.00, -0.00, -0.00, -0.00, -0.00, -0.00, -0.00, -0.00, -0.00, -0.00, -0.00, -0.00, -0.00, -0.00, -0.00, -0.00, -0.00, -0.00, -0.00, -0.00, -0.00, -0.00, -0.00, -0.00, -0.00, -0.00, -0.00, -0.00
-0.00, -0.00, -0.00, -0.00, -0.00, -0.00, -0.00, -0.00, -0.00, -0.00, -0.00, -0.00, -0.00, -0.00, -0.00, -0.00, -0.00, -0.00, -0.00, -0.00, -0.00, -0.00, -0.00, -0.00, -0.00, -0.00, -0.00, -0.00, -0.00, -0.00, -0.00, -0.00, -0.00, -0.00, -0.00, -0.00, -0.00, -0.00, -0.00, -0.00
-0.00, -0.00, -0.00, -0.00, -0.00, -0.00, -0.00, -0.00, -0.00, -0.00, -0.00, -0.00, -0.00, -0.00, -0.00, -0.00, -0.00, -0.00, -0.00, -0.00, -0.00, -0.00, -0.00, -0.00, -0.00, -0.00, -0.00, -0.00, -0.00, -0.00, -0.00, -0.00, -0.00, -0.00, -0.00, -0.00, -0.00, -0.00, -0.00, -0.00
-0.00, -0.00, -0.00, -0.00, -0.00, -0.00, -0.00, -0.00, -0.00, -0.00, -0.00, -0.00, -0.00, -0.00, -0.00, -0.00, -0.00, -0.00, -0.00, -0.00, -0.00, -0.00, -0.00, -0.00, -0.00, -0.00, -0.00, -0.00, -0.00, -0.00, -0.00, -0.00, -0.00, -0.00, -0.00, -0.00, -0.00, -0.00, -0.00, -0.00
-0.00, -0.00, -0.00, -0.00, -0.00, -0.00, -0.00, -0.00, -0.00, -0.00, -0.00, -0.00, -0.00, -0.00, -0.00, -0.00, -0.00, -0.00, -0.00, -0.00, -0.00, -0.00, -0.00, -0.00, -0.00, -0.00, -0.00, -0.00, -0.00, -0.00, -0.00, -0.00, -0.00, -0.00, -0.00, -0.00, -0.00, -0.00, -0.00, -0.00
-0.00, -0.00, -0.00, -0.00, -0.00, -0.00, -0.00, -0.00, -0.00, -0.00, -0.00, -0.00, -0.00, -0.00, -0.00, -0.00, -0.00, -0.00, -0.00, -0.00, -0.00, -0.00, -0.00, -0.00, -0.00, -0.00, -0.00, -0.00, -0.00, -0.00, -0.00, -0.00, -0.00, -0.00, -0.00, -0.00, -0.00, -0.00, -0.00, -0.00
-0.00, -0.00, -0.00, -0.00, -0.00, -0.00, -0.00, -0.00, -0.00, -0.00, -0.00, -0.00, -0.00, -0.00, -0.00, -0.00, -0.00, -0.00, -0.00, -0.00, -0.00, -0.00, -0.00, -0.00, -0.00, -0.00, -0.00, -0.00, -0.00, -0.00, -0.00, -0.00, -0.00, -0.00, -0.00, -0.00, -0.00, -0.00, -0.00, -0.00
-0.00, -0.00, -0.00, -0.00, -0.00, -0.00, -0.00, -0.00, -0.00, -0.00, -0.00, -0.00, -0.00, -0.00, -0.00, -0.00, -0.00, -0.00, -0.00, -0.00, -0.00, -0.00, -0.00, -0.00, -0.00, -0.00, -0.00, -0.00, -0.00, -0.00, -0.00, -0.00, -0.00, -0.00, -0.00, -0.00, -0.00, -0.00, -0.00, -0.00
-0.00, -0.00, -0.00, -0.00, -0.00, -0.00, -0.00, -0.00, -0.00, -0.00, -0.00, -0.00, -0.00, -0.00, -0.00, -0.00, -0.00, -0.00, -0.00, -0.00, -0.00, -0.00, -0.00, -0.00, -0.00, -0.00, -0.00, -0.00, -0.00, -0.00, -0.00, -0.00, -0.00, -0.00, -0.00, -0.00, -0.00, -0.00, -0.00, -0.00
-0.00, -0.00, -0.00, -0.00, -0.00, -0.00, -0.00, -0.00, -0.00, -0.00, -0.00, -0.00, -0.00, -0.00, -0.00, -0.00, -0.00, -0.00, -0.00, -0.00, -0.00, -0.00, -0.00, -0.00, -0.00, -0.00, -0.00, -0.00, -0.00, -0.00, -0.00, -0.00, -0.00, -0.00, -0.00, -0.00, -0.00, -0.00, -0.00, -0.00
-0.00, -0.00, -0.00, -0.00, -0.00, -0.00, -0.00, -0.00, -0.00, -0.00, -0.00, -0.00, -0.00, -0.00, -0.00, -0.00, -0.00, -0.00, -0.00, -0.00, -0.00, -0.00, -0.00, -0.00, -0.00, -0.00, -0.00, -0.00, -0.00, -0.00, -0.00, -0.00, -0.00, -0.00, -0.00, -0.00, -0.00, -0.00, -0.00, -0.00

Channel 4:
0.00, 0.00, 0.00, 0.00, 0.00, 0.00, 0.00, 0.00, 0.00, 0.00, 0.00, 0.00, 0.00, 0.00, 0.00, 0.00, 0.00, 0.00, 0.00, 0.00, 0.00, 0.00, 0.00, 0.01, 0.04, 0.15, 0.35, 0.57, 0.67, 0.61, 0.42, 0.21, 0.07, 0.01, 0.00, 0.00, 0.00, 0.00, 0.00, 0.00
0.00, 0.00, 0.00, 0.00, 0.00, 0.00, 0.00, 0.00, 0.00, 0.00, 0.00, 0.00, 0.00, 0.00, 0.00, 0.00, 0.00, 0.00, 0.00, 0.00, 0.00, 0.00, 0.00, 0.04, 0.25, 1.02, 2.40, 3.97, 4.73, 4.32, 3.00, 1.52, 0.51, 0.08, 0.00, 0.00, 0.00, 0.00, 0.00, 0.00
0.00, 0.00, 0.00, 0.00, 0.00, 0.00, 0.00, 0.00, 0.00, 0.00, 0.00, 0.00, 0.00, 0.00, 0.00, 0.00, 0.00, 0.00, 0.00, 0.00, 0.03, 0.12, 0.40, 0.94, 1.94, 3.94, 6.98, 10.39, 12.21, 11.43, 8.33, 4.45, 1.60, 0.26, 0.00, 0.00, 0.00, 0.00, 0.00, 0.00
0.00, 0.00, 0.00, 0.00, 0.00, 0.00, 0.00, 0.00, 0.00, 0.00, 0.00, 0.00, 0.00, 0.00, 0.00, 0.00, 0.00, 0.01, 0.05, 0.14, 0.38, 0.89, 2.02, 3.89, 6.45, 9.64, 13.26, 16.77, 18.59, 17.39, 13.20, 7.41, 2.84, 0.46, 0.00, 0.00, 0.00, 0.00, 0.00, 0.00
0.00, 0.00, 0.00, 0.00, 0.00, 0.00, 0.00, 0.00, 0.00, 0.00, 0.00, 0.00, 0.00, 0.00, 0.00, 0.00, 0.00, 0.07, 0.30, 0.93, 2.12, 3.90, 6.34, 9.39, 12.86, 16.04, 18.48, 19.90, 19.82, 17.58, 13.28, 7.61, 3.05, 0.51, 0.00, 0.00, 0.00, 0.00, 0.00, 0.00
0.00, 0.00, 0.00, 0.00, 0.00, 0.00, 0.00, 0.00, 0.00, 0.00, 0.00, 0.00, 0.00, 0.00, 0.08, 0.25, 0.52, 1.06, 2.03, 3.75, 6.28, 9.46, 12.70, 15.64, 18.09, 19.75, 20.31, 19.63, 17.45, 13.93, 9.45, 5.06, 1.90, 0.32, 0.00, 0.00, 0.00, 0.00, 0.00, 0.00
0.00, 0.00, 0.00, 0.00, 0.00, 0.00, 0.00, 0.00, 0.00, 0.00, 0.00, 0.03, 0.11, 0.28, 0.72, 1.48, 2.56, 4.21, 6.52, 9.41, 12.55, 15.68, 18.26, 19.93, 20.55, 20.15, 18.59, 15.91, 12.20, 8.20, 4.45, 1.91, 0.53, 0.09, 0.00, 0.00, 0.00, 0.00, 0.00, 0.00
0.00, 0.00, 0.00, 0.00, 0.00, 0.00, 0.00, 0.00, 0.00, 0.00, 0.00, 0.18, 0.71, 1.92, 3.61, 5.57, 7.57, 10.00, 12.88, 15.86, 18.21, 19.77, 20.71, 20.99, 20.34, 18.11, 14.56, 10.28, 6.27, 3.23, 1.34, 0.46, 0.10, 0.02, 0.00, 0.00, 0.00, 0.00, 0.00, 0.00
0.00, 0.00, 0.00, 0.00, 0.00, 0.00, 0.00, 0.00, 0.00, 0.00, 0.00, 0.38, 1.50, 4.12, 7.33, 10.54, 13.08, 15.49, 17.83, 19.77, 20.93, 21.34, 21.27, 20.34, 18.19, 14.10, 9.41, 5.00, 2.21, 0.67, 0.11, 0.00, 0.00, 0.00, 0.00, 0.00, 0.00, 0.00, 0.00, 0.00
0.00, 0.00, 0.00, 0.00, 0.00, 0.00, 0.00, 0.00, 0.00, 0.00, 0.00, 0.40, 1.62, 4.50, 7.91, 11.22, 14.11, 16.91, 19.37, 20.76, 21.34, 21.27, 20.52, 18.17, 14.15, 9.00, 4.59, 1.64, 0.51, 0.11, 0.02, 0.00, 0.00, 0.00, 0.00, 0.00, 0.00, 0.00, 0.00, 0.00
0.00, 0.00, 0.00, 0.00, 0.00, 0.00, 0.00, 0.00, 0.00, 0.00, 0.00, 0.22, 0.91, 2.52, 4.60, 7.16, 10.85, 15.05, 18.86, 20.73, 21.39, 20.90, 18.64, 14.43, 9.07, 4.45, 1.55, 0.39, 0.06, 0.00, 0.00, 0.00, 0.00, 0.00, 0.00, 0.00, 0.00, 0.00, 0.00, 0.00
0.00, 0.00, 0.00, 0.00, 0.00, 0.00, 0.00, 0.00, 0.00, 0.00, 0.00, 0.08, 0.34, 1.09, 2.66, 5.41, 10.22, 15.27, 19.31, 20.77, 20.84, 19.52, 15.45, 9.99, 4.56, 1.55, 0.24, 0.04, 0.00, 0.00, 0.00, 0.00, 0.00, 0.00, 0.00, 0.00, 0.00, 0.00, 0.00, 0.00
0.00, 0.00, 0.00, 0.00, 0.00, 0.00, 0.00, 0.00, 0.00, 0.00, 0.00, 0.06, 0.37, 1.43, 3.87, 7.81, 13.09, 17.64, 20.42, 20.60, 19.22, 16.38, 11.22, 5.85, 1.72, 0.38, 0.04, 0.01, 0.00, 0.00, 0.00, 0.00, 0.00, 0.00, 0.00, 0.00, 0.00, 0.00, 0.00, 0.00
0.00, 0.00, 0.00, 0.00, 0.00, 0.00, 0.00, 0.00, 0.00, 0.00, 0.00, 0.32, 1.34, 3.81, 7.66, 12.38, 16.73, 19.71, 20.82, 19.73, 16.62, 12.01, 6.86, 2.86, 0.59, 0.06, 0.00, 0.00, 0.00, 0.00, 0.00, 0.00, 0.00, 0.00, 0.00, 0.00, 0.00, 0.00, 0.00, 0.00
0.00, 0.00, 0.00, 0.00, 0.00, 0.00, 0.00, 0.00, 0.00, 0.07, 0.37, 1.58, 4.01, 8.04, 12.56, 16.80, 19.53, 20.54, 19.79, 17.31, 13.11, 7.82, 3.48, 0.97, 0.16, 0.00, 0.00, 0.00, 0.00, 0.00, 0.00, 0.00, 0.00, 0.00, 0.00, 0.00, 0.00, 0.00, 0.00, 0.00
0.00, 0.00, 0.00, 0.00, 0.00, 0.00, 0.00, 0.00, 0.06, 0.42, 1.73, 4.58, 8.78, 13.42, 17.22, 19.73, 20.72, 19.58, 16.44, 12.28, 8.04, 4.10, 1.41, 0.16, 0.03, 0.01, 0.02, 0.03, 0.04, 0.04, 0.04, 0.04, 0.03, 0.01, 0.01, 0.00, 0.00, 0.00, 0.00, 0.00
0.00, 0.00, 0.00, 0.00, 0.00, 0.00, 0.00, 0.00, 0.39, 1.63, 4.74, 9.26, 14.32, 18.08, 20.25, 20.83, 20.07, 16.82, 11.50, 6.29, 2.88, 1.27, 0.36, 0.00, 0.01, 0.03, 0.09, 0.18, 0.25, 0.28, 0.27, 0.24, 0.17, 0.08, 0.03, 0.00, 0.00, 0.00, 0.00, 0.00
0.00, 0.00, 0.00, 0.00, 0.00, 0.00, 0.00, 0.00, 0.94, 3.46, 8.50, 13.95, 18.48, 20.64, 21.34, 20.67, 17.90, 13.00, 6.96, 2.52, 0.38, 0.08, 0.01, 0.04, 0.21, 0.73, 1.49, 2.26, 2.69, 2.85, 2.81, 2.63, 2.02, 1.10, 0.38, 0.06, 0.01, 0.00, 0.00, 0.00
0.00, 0.00, 0.00, 0.00, 0.00, 0.00, 0.01, 0.04, 1.50, 5.09, 11.31, 16.90, 20.41, 21.18, 20.84, 19.33, 14.87, 9.12, 3.70, 1.07, 0.12, 0.13, 0.26, 0.52, 1.19, 3.03, 5.54, 8.02, 9.33, 9.81, 9.71, 9.24, 7.43, 4.46, 1.79, 0.37, 0.06, 0.00, 0.00, 0.00
0.00, 0.00, 0.00, 0.00, 0.00, 0.00, 0.05, 0.27, 2.33, 6.73, 13.03, 18.09, 20.72, 20.46, 18.89, 16.24, 11.28, 5.97, 1.80, 0.50, 0.38, 0.82, 1.76, 2.89, 4.41, 7.48, 11.43, 15.25, 17.17, 17.88, 17.77, 17.19, 14.57, 9.86, 4.67, 1.34, 0.23, 0.01, 0.00, 0.00
0.00, 0.00, 0.00, 0.00, 0.00, 0.01, 0.20, 1.12, 4.25, 9.54, 15.39, 19.36, 20.59, 18.75, 15.45, 11.55, 7.33, 3.83, 1.79, 1.85, 2.60, 3.75, 5.77, 7.94, 10.15, 13.09, 16.49, 19.60, 20.96, 21.41, 21.35, 21.01, 18.96, 14.65, 8.26, 3.17, 0.57, 0.03, 0.00, 0.00
0.00, 0.00, 0.00, 0.00, 0.00, 0.03, 0.53, 2.83, 7.34, 13.24, 18.04, 20.55, 20.29, 16.69, 11.81, 7.26, 4.78, 4.01, 4.73, 6.45, 8.26, 10.05, 12.33, 14.46, 16.24, 17.90, 19.55, 20.87, 21.23, 21.31, 21.35, 21.34, 20.46, 17.77, 11.49, 5.21, 1.00, 0.07, 0.00, 0.00
0.00, 0.00, 0.00, 0.00, 0.00, 0.07, 0.95, 4.86, 10.60, 16.52, 19.83, 20.96, 19.69, 14.87, 9.66, 6.18, 6.29, 7.97, 10.48, 13.13, 15.36, 17.05, 18.43, 19.20, 19.47, 19.99, 20.52, 20.78, 20.62, 20.68, 21.02, 21.30, 20.89, 18.83, 12.79, 6.17, 1.24, 0.11, 0.00, 0.00
0.00, 0.00, 0.00, 0.00, 0.00, 0.11, 1.29, 6.29, 12.78, 18.54, 20.76, 20.95, 19.13, 13.78, 9.33, 8.07, 10.98, 14.17, 16.57, 18.19, 19.08, 19.41, 19.51, 19.05, 18.23, 18.25, 18.46, 18.50, 18.37, 18.98, 20.18, 21.05, 20.44, 17.67, 11.63, 5.48, 1.09, 0.09, 0.00, 0.00
0.00, 0.00, 0.00, 0.00, 0.00, 0.14, 1.46, 6.93, 13.69, 19.31, 21.04, 20.91, 19.11, 14.20, 10.99, 11.58, 15.87, 19.16, 20.29, 19.90, 18.39, 16.34, 14.85, 13.55, 12.43, 12.40, 12.85, 13.43, 14.36, 16.44, 19.13, 20.63, 19.30, 14.96, 8.70, 3.60, 0.68, 0.04, 0.00, 0.00
0.00, 0.00, 0.00, 0.00, 0.00, 0.16, 1.55, 7.25, 14.13, 19.64, 21.15, 21.08, 19.83, 16.37, 14.32, 15.17, 18.56, 20.83, 20.91, 19.00, 15.65, 11.83, 9.34, 7.75, 6.88, 6.94, 7.89, 9.57, 12.09, 15.45, 18.79, 19.79, 17.26, 11.69, 5.67, 1.78, 0.32, 0.01, 0.00, 0.00
0.00, 0.00, 0.00, 0.00, 0.00, 0.16, 1.51, 7.05, 13.88, 19.54, 21.14, 21.27, 20.70, 18.99, 17.97, 18.46, 20.23, 21.30, 20.87, 18.24, 14.42, 10.57, 8.61, 7.64, 7.27, 7.50, 8.88, 11.36, 14.48, 17.31, 18.94, 17.78, 13.83, 8.01, 3.17, 0.62, 0.11, 0.00, 0.00, 0.00
0.00, 0.00, 0.00, 0.00, 0.00, 0.11, 1.18, 5.64, 11.92, 17.98, 20.54, 21.33, 21.25, 20.78, 20.47, 20.58, 21.09, 21.39, 21.03, 19.07, 16.47, 14.15, 13.42, 13.21, 13.19, 13.44, 14.51, 16.38, 18.41, 19.08, 17.72, 13.94, 9.12, 4.35, 1.45, 0.16, 0.03, 0.00, 0.00, 0.00
0.00, 0.00, 0.00, 0.00, 0.00, 0.05, 0.63, 3.21, 8.15, 14.36, 18.75, 20.91, 21.32, 21.31, 21.25, 21.26, 21.36, 21.41, 21.29, 20.68, 19.87, 19.18, 19.01, 18.98, 18.98, 19.06, 19.10, 18.97, 18.35, 16.53, 13.31, 8.74, 4.57, 1.62, 0.42, 0.03, 0.01, 0.00, 0.00, 0.00
0.00, 0.00, 0.00, 0.00, 0.00, 0.01, 0.22, 1.20, 4.39, 9.63, 14.92, 18.36, 19.82, 20.56, 21.00, 21.28, 21.38, 21.41, 21.38, 21.21, 20.92, 20.62, 20.43, 20.36, 20.32, 20.25, 19.38, 17.43, 14.38, 10.91, 7.30, 3.95, 1.55, 0.32, 0.03, 0.00, 0.00, 0.00, 0.00, 0.00
0.00, 0.00, 0.00, 0.00, 0.00, 0.01, 0.04, 0.23, 1.73, 4.83, 8.88, 12.40, 15.05, 17.28, 18.98, 20.09, 20.53, 20.66, 20.54, 19.95, 18.90, 17.67, 16.92, 16.61, 16.56, 16.33, 14.88, 12.01, 8.22, 4.90, 2.47, 1.05, 0.32, 0.06, 0.01, 0.00, 0.00, 0.00, 0.00, 0.00
0.00, 0.00, 0.00, 0.00, 0.00, 0.00, 0.01, 0.02, 0.45, 1.51, 3.18, 5.33, 7.93, 10.92, 13.45, 15.15, 15.85, 16.07, 15.91, 15.12, 13.65, 11.84, 10.67, 10.17, 10.11, 9.81, 8.41, 5.88, 3.17, 1.35, 0.55, 0.17, 0.03, 0.01, 0.00, 0.00, 0.00, 0.00, 0.00, 0.00
0.00, 0.00, 0.00, 0.00, 0.00, 0.00, 0.00, 0.00, 0.04, 0.15, 0.46, 1.25, 2.63, 4.46, 6.08, 7.18, 7.63, 7.78, 7.69, 7.21, 6.30, 5.16, 4.39, 4.06, 4.03, 3.85, 3.11, 1.83, 0.64, 0.05, 0.01, 0.00, 0.00, 0.00, 0.00, 0.00, 0.00, 0.00, 0.00, 0.00
0.00, 0.00, 0.00, 0.00, 0.00, 0.00, 0.00, 0.00, 0.01, 0.03, 0.07, 0.20, 0.42, 0.71, 0.97, 1.15, 1.22, 1.24, 1.23, 1.16, 1.01, 0.83, 0.70, 0.65, 0.65, 0.62, 0.50, 0.30, 0.11, 0.01, 0.00, 0.00, 0.00, 0.00, 0.00, 0.00, 0.00, 0.00, 0.00, 0.00
0.00, 0.00, 0.00, 0.00, 0.00, 0.00, 0.00, 0.00, 0.00, 0.00, 0.00, 0.00, 0.00, 0.00, 0.00, 0.00, 0.00, 0.00, 0.00, 0.00, 0.00, 0.00, 0.00, 0.00, 0.00, 0.00, 0.00, 0.00, 0.00, 0.00, 0.00, 0.00, 0.00, 0.00, 0.00, 0.00, 0.00, 0.00, 0.00, 0.00
0.00, 0.00, 0.00, 0.00, 0.00, 0.00, 0.00, 0.00, 0.00, 0.00, 0.00, 0.00, 0.00, 0.00, 0.00, 0.00, 0.00, 0.00, 0.00, 0.00, 0.00, 0.00, 0.00, 0.00, 0.00, 0.00, 0.00, 0.00, 0.00, 0.00, 0.00, 0.00, 0.00, 0.00, 0.00, 0.00, 0.00, 0.00, 0.00, 0.00
0.00, 0.00, 0.00, 0.00, 0.00, 0.00, 0.00, 0.00, 0.00, 0.00, 0.00, 0.00, 0.00, 0.00, 0.00, 0.00, 0.00, 0.00, 0.00, 0.00, 0.00, 0.00, 0.00, 0.00, 0.00, 0.00, 0.00, 0.00, 0.00, 0.00, 0.00, 0.00, 0.00, 0.00, 0.00, 0.00, 0.00, 0.00, 0.00, 0.00
0.00, 0.00, 0.00, 0.00, 0.00, 0.00, 0.00, 0.00, 0.00, 0.00, 0.00, 0.00, 0.00, 0.00, 0.00, 0.00, 0.00, 0.00, 0.00, 0.00, 0.00, 0.00, 0.00, 0.00, 0.00, 0.00, 0.00, 0.00, 0.00, 0.00, 0.00, 0.00, 0.00, 0.00, 0.00, 0.00, 0.00, 0.00, 0.00, 0.00
0.00, 0.00, 0.00, 0.00, 0.00, 0.00, 0.00, 0.00, 0.00, 0.00, 0.00, 0.00, 0.00, 0.00, 0.00, 0.00, 0.00, 0.00, 0.00, 0.00, 0.00, 0.00, 0.00, 0.00, 0.00, 0.00, 0.00, 0.00, 0.00, 0.00, 0.00, 0.00, 0.00, 0.00, 0.00, 0.00, 0.00, 0.00, 0.00, 0.00
0.00, 0.00, 0.00, 0.00, 0.00, 0.00, 0.00, 0.00, 0.00, 0.00, 0.00, 0.00, 0.00, 0.00, 0.00, 0.00, 0.00, 0.00, 0.00, 0.00, 0.00, 0.00, 0.00, 0.00, 0.00, 0.00, 0.00, 0.00, 0.00, 0.00, 0.00, 0.00, 0.00, 0.00, 0.00, 0.00, 0.00, 0.00, 0.00, 0.00

