0
0
0
25
14
0
1
1
2
1
0
1
1
1
1
1
1
0
1
1
2
2
4
5
6
3
4
4
4
4
2
3
4
5
4
3
4
4
4
5
4
6
10
0
0
21
10
1
0
1
0
1
1
1
1
0
0
0
1
1
0
2
2
2
6
6
5
8
8
5
7
6
7
6
7
5
6
7
6
6
5
6
7
7
12
0
0
18
10
2
1
1
0
1
0
1
1
1
0
0
1
1
0
1
3
3
5
7
7
6
6
7
6
5
6
7
6
6
6
5
6
4
3
2
3
6
14
0
0
16
9
0
0
0
0
1
1
1
1
1
0
1
1
1
1
2
1
3
5
21
25
6
3
4
3
3
4
4
7
6
8
7
4
3
2
1
1
5
15
0
0
18
10
1
0
1
0
1
0
1
1
0
2
0
1
2
1
1
2
7
53
139
148
76
5
3
3
2
4
5
4
3
2
4
2
3
1
3
1
6
16
0
0
18
8
2
1
1
1
1
0
0
1
0
2
0
1
1
1
3
3
16
128
255
255
182
8
3
4
3
3
4
1
1
2
2
1
3
2
1
1
5
18
0
0
17
9
1
1
0
0
0
1
2
0
1
1
2
2
1
2
2
4
19
163
255
255
204
10
4
4
3
3
3
2
2
1
2
2
2
2
3
3
6
17
0
0
20
8
2
1
1
1
2
1
1
1
1
1
0
1
2
2
4
5
18
168
255
255
203
10
5
3
2
3
2
1
2
2
2
2
2
2
3
1
6
18
0
0
21
10
1
1
1
1
1
2
1
2
1
1
2
1
2
2
3
5
18
161
255
255
195
9
4
4
3
2
1
3
2
2
2
1
3
3
3
3
7
19
0
0
25
7
0
0
3
1
1
1
1
2
1
0
0
3
1
3
2
5
18
155
255
255
182
10
6
3
5
3
3
2
3
1
2
3
2
3
2
1
7
19
0
0
28
8
2
1
1
1
1
0
1
1
1
1
1
2
1
2
4
5
18
156
255
255
169
8
3
3
3
3
3
1
3
2
1
2
2
3
3
2
8
20
0
0
29
8
2
1
0
0
0
1
1
1
1
1
1
2
2
2
4
5
18
160
255
255
155
8
5
4
4
3
1
2
2
1
1
1
2
2
2
3
9
24
0
0
23
8
2
1
2
1
1
1
2
1
0
1
2
2
2
2
3
5
17
159
255
255
147
8
5
3
3
2
3
2
3
2
1
2
2
2
2
4
8
26
0
0
26
9
2
0
2
1
2
2
1
1
1
1
1
1
2
3
4
5
18
159
255
255
131
8
5
5
3
2
1
2
2
2
0
2
2
1
2
2
9
25
0
0
26
9
1
0
2
1
1
1
1
2
1
1
2
2
1
1
4
4
18
155
255
255
118
8
6
4
3
3
2
3
2
3
3
1
1
3
3
2
11
23
0
0
24
8
1
1
1
1
1
0
1
1
1
1
2
1
2
1
4
6
18
160
255
255
107
8
5
3
3
2
3
3
2
2
2
1
2
2
2
3
9
28
0
0
22
8
1
0
1
1
1
0
1
2
2
1
0
1
2
3
5
5
18
153
255
255
100
8
4
5
2
2
2
2
3
1
2
1
2
1
3
4
9
33
0
0
24
8
2
0
1
1
1
1
1
1
1
0
1
1
2
1
4
6
17
152
255
255
94
7
4
3
2
2
2
2
2
2
2
2
2
1
2
2
10
31
0
0
24
9
1
1
0
1
1
2
2
0
2
1
0
2
2
3
5
5
17
144
255
255
90
7
3
3
3
3
1
2
1
1
2
2
2
2
1
1
8
21
0
0
18
7
1
0
1
1
2
0
2
1
1
2
2
2
2
3
3
5
14
139
255
255
87
6
5
3
3
3
2
1
2
1
1
1
2
2
2
3
8
18
0
0
16
8
1
1
0
2
0
1
1
1
2
1
0
0
3
1
4
4
14
138
255
255
79
6
3
3
2
2
1
1
2
2
1
1
2
1
2
2
7
15
0
0
17
7
1
1
1
2
2
3
2
1
3
3
3
2
3
4
6
6
13
135
255
255
73
6
4
2
2
2
3
1
1
1
1
1
2
2
2
2
8
17
0
0
18
7
2
2
1
4
4
3
4
5
5
4
5
5
4
5
5
7
16
138
255
255
81
5
4
3
3
3
2
2
2
2
1
2
0
0
1
1
7
16
0
0
14
4
2
1
2
7
5
5
5
4
5
6
4
6
6
4
5
7
17
143
255
255
90
5
4
3
2
2
2
2
1
2
0
1
0
0
2
2
6
15
0
0
16
6
1
2
2
3
4
4
3
4
5
3
3
4
3
5
6
7
17
152
255
255
97
6
4
2
2
2
2
2
0
1
2
1
1
0
2
2
7
14
0
0
14
6
0
0
2
3
3
2
3
2
2
2
3
3
3
3
5
5
19
156
255
255
109
7
4
3
3
1
2
1
1
2
1
1
1
1
2
2
8
15
0
0
12
4
1
2
0
2
1
1
1
2
1
1
1
3
2
3
1
5
19
161
255
255
121
5
5
3
3
2
2
1
1
1
1
1
2
3
3
3
8
14
0
0
8
4
2
0
1
0
3
2
1
2
1
1
1
1
2
3
3
4
16
127
253
255
114
4
3
4
3
3
2
1
1
1
2
1
2
1
1
3
7
13
0
0
8
5
1
0
1
2
2
2
1
0
1
2
1
3
2
2
2
3
8
59
137
130
41
3
2
2
3
3
2
2
1
1
0
2
2
1
1
2
6
12
0
0
6
4
0
2
0
2
3
1
0
1
1
0
1
2
2
2
2
2
4
7
22
17
5
3
2
3
2
3
1
1
1
2
2
1
2
2
1
3
7
12
0
0
7
4
2
2
1
1
2
0
1
1
0
2
1
1
1
2
2
2
3
3
3
1
3
3
2
2
1
2
1
0
2
2
1
1
1
1
1
3
5
10
0
0
7
3
2
1
1
1
1
0
1
1
0
0
0
2
0
1
1
2
2
2
1
2
2
1
2
1
2
3
1
1
0
2
1
1
2
2
2
3
5
9
0
0
7
4
0
0
1
0
0
1
0
1
0
1
1
0
1
1
1
0
2
1
1
3
2
2
1
2
1
2
2
1
0
1
1
1
2
2
2
2
6
11
0
0
8
4
0
0
1
1
0
0
1
1
1
0
1
1
2
1
0
1
2
1
1
1
2
1
0
2
2
2
1
2
2
1
2
0
0
0
3
2
6
11
0
0
9
5
0
0
1
1
0
0
0
1
0
1
0
1
1
1
1
1
0
0
3
3
1
2
1
0
1
1
2
2
1
1
2
0
1
1
1
2
5
11
0
0
8
3
0
1
0
1
0
0
0
0
1
0
1
1
1
1
2
1
3
0
1
1
0
1
1
1
2
0
0
1
1
1
0
1
1
1
1
1
4
10
0
0
9
4
0
0
0
1
1
1
1
1
0
1
1
0
0
0
0
0
1
2
1
1
2
1
1
2
0
0
1
1
0
1
1
0
0
3
3
2
5
9
0
0
10
4
1
0
0
0
1
0
1
0
0
0
0
0
0
0
2
1
1
1
0
0
1
1
1
1
1
1
1
1
0
0
1
1
1
1
1
1
6
11
0
0
8
4
0
0
0
0
0
0
0
1
0
0
1
0
0
1
1
1
1
1
1
1
0
1
0
1
1
0
1
0
0
2
2
2
2
1
1
1
4
9
0
0
9
5
1
0
2
1
1
0
0
0
0
1
0
1
1
0
1
1
1
1
1
0
1
1
0
0
1
0
0
1
0
1
2
0
0
1
2
2
5
9
0
0
9
3
1
1
0
0
0
0
0
1
0
1
0
0
1
0
0
1
0
0
0
1
1
1
1
0
1
1
2
0
2
1
1
0
1
1
1
1
3
10
0
0
9
3
0
0
0
0
1
2
0
0
1
0
1
1
1
0
0
1
0
1
1
1
1
0
1
1
1
1
0
0
2
1
1
1
1
0
2
2
0
