00000000
00000000
00000000
00000000
00000000
00000001
00000001
00000001
00000000
00000000
00000000
00000000
00000000
00000000
00000000
00000000
00000000
00000000
00000000
00000001
00000110
00001101
00010110
00011010
00011101
00011011
00010100
00001100
00000101
00000000
00000000
00000000
00000000
00000000
00000000
00000000
00000000
00000100
00010011
00101000
00111010
00111101
00111110
00111111
00111011
00101110
00011001
00000110
00000000
00000000
00000000
00000000
00000000
00000000
00000000
00000001
00000110
00010011
00011110
00011010
00011010
00011111
00101001
00110000
00101001
00010110
00000100
00000000
00000000
00000000
00000000
00000000
00000000
00000000
00000000
00000000
00000000
00000000
00000000
00000000
00000000
00000101
00011010
00011010
00001000
00000000
00000000
00000000
00000000
00000000
00000000
00000000
00000000
00000000
00000000
00000000
00000000
00000000
00000000
00000000
00000000
00001000
00000100
00000000
00000000
00000000
00000000
00000000
00000000
00000000
00000000
00000000
00000000
00000000
00000000
00000000
00000000
00000000
00000000
00000110
00000110
00000001
00000000
00000000
00000000
00000000
00000000
00000000
00000000
00000000
00000000
00000000
00000000
00000000
00000000
00000000
00000001
00011010
00100000
00010011
00000100
00000000
00000000
00000000
00000000
00000000
00000000
00000000
00000000
00000000
00000000
00000000
00000000
00000000
00000000
00011100
00101111
00101000
00010001
00000001
00000000
00000000
00000000
00000000
00000000
00000000
00000000
00000000
00000000
00000000
00000000
00000000
00000000
00000000
00010001
00100001
00011101
00001000
00000000
00000000
00000000
00000000
00000000
00000000
00000000
00000000
00000000
00000000
00000000
00000000
00000000
00000000
00000000
00001100
00010111
00001100
00000000
00000000
00000000
00000000
00000000
00000000
00000000
00000000
00000000
00000000
00000000
00000000
00000000
00000000
00000000
00000000
00000110
00000110
00000000
00000000
00000000
00000000
00000000
00000000
00000001
00000111
00001101
00010010
00010010
00001111
00000000
00000000
00000000
00000000
00000000
00000000
00000000
00000000
00000000
00000000
00000000
00000000
00000101
00010101
00101010
00111010
00111011
00111001
00100101
00000110
00000000
00000000
00000000
00000000
00000000
00000000
00000000
00000000
00000000
00000000
00000000
00000111
00010110
00100111
00101000
00011100
00000101
00000000
00000000
00000000
00000000
00000000
00000000
00000000
00000000
00000000
00000000
00000000
00000000
00000000
00000000
00000000
00000000
00000000
00000000
00000000
00000000
00000000
00000000
00000000
00000000
00000000
00000000
00000000
00000000
00000000
00000000
00000000
00000000
00000000
00000000
00000000
00000000
00000000
00000000
00000000
00000000
00000000
00000000
00000000
00000000
00000000
00000000
00000000
00000000
00000000
00000000
00000000
00000000
00000000
00000000
00000000
00000000
00000000
00000000
00000000
00000000
00000000
00000000
00000000
00000000
00000000
00000000
00000000
00000000
00000000
00000000
00000000
00000000
00000000
00000000
00000000
00000000
00000000
00000000
00000000
00000000
00000000
00000011
00000111
00001100
00001111
00010000
00001110
00001010
00000101
00000001
00000000
00000000
00000000
00000000
00000000
00000000
00000000
00000000
00000001
00001100
00011100
00100111
00101011
00101110
00101101
00101000
00011101
00001101
00000010
00000000
00000000
00000000
00000000
00000000
00000000
00000000
00000001
00001100
00100101
00110111
00111011
00111110
00111110
00111101
00111000
00100010
00001100
00000001
00000000
00000000
00000000
00000000
00000000
00000000
00000000
00000100
00011101
00110010
00110101
00110110
00111000
00111110
01000011
00110101
00011001
00000100
00000000
00000000
00000000
00000000
00000000
00000000
00000000
00000000
00001001
00010110
00011011
00100010
00101101
00111001
00111111
00111010
00100001
00000110
00000000
00000000
00000000
00000000
00000000
00000000
00000000
00000000
00000000
00000100
00001100
00011010
00101100
00111001
00111110
00111100
00100110
00001010
00000000
00000000
00000000
00000000
00000000
00000000
00000000
00000000
00000000
00000000
00000110
00011000
00110000
00111100
00111111
01000011
00110101
00011011
00001001
00000001
00000000
00000000
00000000
00000000
00000000
00000000
00000000
00000000
00000001
00010110
00110011
00111101
00111111
01000011
01000010
00110011
00011100
00001001
00000000
00000000
00000000
00000000
00000000
00000000
00000000
00000000
00000000
00001001
00100000
00101100
00110010
00111001
00111111
01000010
00110011
00010111
00000011
00000000
00000000
00000000
00000000
00000000
00000000
00000000
00000000
00000000
00000111
00001101
00010011
00100001
00110001
00111111
00111111
00100100
00001001
00000000
00000000
00000000
00000000
00000000
00000000
00000000
00000000
00000000
00000000
00000000
00000000
00001010
00100010
00110111
00111111
00101100
00001100
00000000
00000000
00000000
00000000
00000000
00000000
00000000
00000100
00000111
00001001
00001010
00001011
00010000
00100001
00110100
00111011
00101010
00001100
00000000
00000000
00000000
00000000
00000000
00000000
00000010
00001110
00011101
00100110
00100110
00100110
00100110
00101110
00110011
00110001
00011111
00000111
00000000
00000000
00000000
00000000
00000000
00000000
00000001
00001110
00101000
00111001
00111010
00110111
00110110
00110011
00101100
00100001
00010000
00000010
00000000
00000000
00000000
00000000
00000000
00000000
00000000
00000010
00011110
00110110
00111100
00111011
00110111
00101011
00011111
00010001
00000101
00000000
00000000
00000000
00000000
00000000
00000000
00000000
00000000
00000000
00001000
00011101
00101000
00101001
00100100
00011100
00001111
00000100
00000000
00000000
00000000
00000000
00000000
00000000
00000000
00000000
00000000
00000000
00000000
00000010
00001011
00010001
00001111
00001100
00000100
00000000
00000000
00000000
00000000
00000000
00000000
00000000
00000000
00000000
00000000
00000000
00000000
00000000
00000000
00000000
00000000
00000000
00000000
00000000
00000000
00000000
00000000
00000000
00000000
00000000
00000010
00000101
00000111
00001001
00001001
00000110
00000100
00000001
00000000
00000000
00000000
00000000
00000000
00000000
00000000
00000000
00000000
00000001
00001101
00011100
00100010
00100111
00101000
00100100
00011110
00010001
00000100
00000000
00000000
00000000
00000000
00000000
00000000
00000000
00000000
00000100
00011100
00111011
01001000
01001101
01001110
01001011
01000101
00110011
00010110
00000011
00000000
00000000
00000000
00000000
00000000
00000000
00000000
00000100
00100000
01000111
01010111
01011001
01011010
01011100
01011100
01010000
00101111
00001110
00000000
00000000
00000000
00000000
00000000
00000000
00000000
00000010
00010110
00110011
01000000
01000011
01001001
01010100
01011011
01011001
01000000
00011000
00000010
00000000
00000000
00000000
00000000
00000000
00000000
00000000
00000111
00010100
00011010
00100011
00110110
01001011
01011001
01011011
01000110
00011101
00000011
00000000
00000000
00000000
00000000
00000000
00000000
00000000
00000000
00000000
00000011
00010011
00110101
01010010
01011100
01011100
01001101
00101100
00001110
00000001
00000000
00000000
00000000
00000000
00000000
00000000
00000000
00000000
00000000
00010100
00111101
01011000
01011110
01011110
01010111
01000101
00101011
00010000
00000001
00000000
00000000
00000000
00000000
00000000
00000000
00000000
00000000
00001111
00110010
01001100
01010100
01011000
01011011
01011001
01001010
00101010
00001011
00000000
00000000
00000000
00000000
00000000
00000000
00000000
00000000
00000111
00011011
00101100
00110100
00111101
01001100
01011001
01011010
01000010
00011001
00000010
00000000
00000000
00000000
00000000
00000000
00000000
00000000
00000000
00000101
00001010
00001111
00011000
00101110
01001011
01011011
01001110
00100100
00000101
00000000
00000000
00000000
00000000
00000000
00000000
00000000
00000010
00000100
00000100
00000101
00001011
00100000
01000010
01010111
01001110
00100110
00000101
00000000
00000000
00000000
00000000
00000000
00000000
00000010
00001111
00011011
00011110
00011110
00100100
00110100
01001010
01010100
01000011
00011110
00000100
00000000
00000000
00000000
00000000
00000000
00000000
00000101
00011111
00111011
01000100
01000101
01001001
01010000
01010011
01000111
00101110
00010000
00000001
00000000
00000000
00000000
00000000
00000000
00000000
00000101
00100010
01001001
01011010
01011100
01011100
01010111
01001000
00101111
00010101
00000011
00000000
00000000
00000000
00000000
00000000
00000000
00000000
00000001
00010100
00110100
01001010
01010011
01010000
01000100
00101110
00010100
00000100
00000000
00000000
00000000
00000000
00000000
00000000
00000000
00000000
00000000
00000100
00010100
00100101
00110001
00110000
00100011
00010001
00000011
00000000
00000000
00000000
00000000
00000000
00000000
00000000
00000000
00000000
00000000
00000000
00000000
00000000
00000000
00000000
00000000
00000000
00000000
00000000
00000000
00000000
00000000
00000000
00000000
00000000
00000100
00000111
00001100
00001111
00001111
00001110
00001001
00000101
00000010
00000000
00000000
00000000
00000000
00000000
00000000
00000000
00000000
00000011
00010001
00011111
00101011
00101111
00101101
00101011
00100110
00011001
00001100
00000010
00000000
00000000
00000000
00000000
00000000
00000000
00000000
00000110
00011011
00101100
00110101
00110101
00110010
00110001
00110001
00100110
00010110
00001010
00000001
00000000
00000000
00000000
00000000
00000000
00000000
00000101
00010111
00011111
00011100
00011011
00011100
00011110
00100000
00011110
00010100
00001101
00000011
00000000
00000000
00000000
00000000
00000000
00000000
00000010
00001010
00001000
00000000
00000000
00000111
00010011
00011101
00011111
00010000
00000011
00000000
00000000
00000000
00000000
00000000
00000000
00000000
00000000
00000000
00000000
00000000
00000000
00001011
00011111
00100110
00100001
00010000
00000010
00000001
00000000
00000000
00000000
00000000
00000000
00000000
00000000
00000000
00000000
00000000
00010000
00100101
00101110
00101000
00100010
00011001
00010001
00001110
00001000
00000001
00000000
00000000
00000000
00000000
00000000
00000000
00000000
00000001
00010001
00100010
00100011
00100010
00100011
00100010
00100010
00100000
00010101
00001000
00000000
00000000
00000000
00000000
00000000
00000000
00000000
00000000
00001011
00010101
00010010
00010001
00010111
00011101
00100001
00100001
00010110
00001101
00000100
00000000
00000000
00000000
00000000
00000000
00000000
00000000
00000010
00000001
00000000
00000000
00000000
00001010
00010111
00011111
00010110
00001011
00000101
00000000
00000000
00000000
00000000
00000000
00000000
00000000
00000000
00000000
00000000
00000000
00000000
00000001
00010000
00011101
00010110
00000100
00000000
00000000
00000000
00000000
00000000
00000000
00000000
00000001
00000100
00000111
00001001
00001010
00001111
00011011
00100101
00100100
00010010
00000000
00000000
00000000
00000000
00000000
00000000
00000000
00000000
00000101
00010010
00011111
00100111
00101000
00101101
00110101
00110100
00100010
00000111
00000000
00000000
00000000
00000000
00000000
00000000
00000000
00000000
00000111
00011101
00101101
00110100
00110110
00110110
00110010
00100011
00001101
00000000
00000000
00000000
00000000
00000000
00000000
00000000
00000000
00000000
00000100
00010101
00011110
00011111
00100011
00100011
00011100
00001001
00000000
00000000
00000000
00000000
00000000
00000000
00000000
00000000
00000000
00000000
00000000
00000111
00001001
00001000
00001101
00001100
00000001
00000000
00000000
00000000
00000000
00000000
00000000
00000000
00000000
00000000
00000000
00000000
00000000
00000000
00000000
00000000
00000000
00000000
00000000
00000000
00000000
00000000
00000000
00000000
00000000
00000000
