00000001
00001101
00011010
00011101
00010100
00000101
00000000
00000000
00000000
00000100
00101000
00111101
00111111
00111011
00101001
00000100
00000000
00000000
00000000
00000000
00000000
00000000
00000101
00011010
00001000
00000000
00000000
00000000
00000000
00000000
00000000
00000000
00011010
00100000
00000100
00000000
00000000
00000000
00000000
00000000
00000000
00011100
00101111
00011101
00000000
00000000
00000000
00000000
00000000
00000000
00000000
00001100
00010111
00000000
00000000
00000000
00010101
00111010
00111011
00100101
00000000
00000000
00000000
00000000
00000000
00000111
00100111
00101000
00000101
00000000
00000000
00000000
00000000
00000000
00000000
00000000
00000000
00000000
00000000
00000000
00000000
00000000
00000111
00001111
00010000
00001010
00000001
00000000
00000000
00000000
00000001
00100101
00111011
00111110
00111101
00100010
00000001
00000000
00000000
00000000
00011101
00110101
00111000
01000011
00111010
00000110
00000000
00000000
00000000
00000000
00001100
00110000
00111111
01000011
00011011
00000001
00000000
00000000
00000000
00000001
00110011
00111111
01000011
01000010
00010111
00000000
00000000
00000000
00000000
00000111
00010011
00110001
00111111
00101100
00000000
00000000
00000000
00001110
00100110
00100110
00101110
00111011
00101010
00000000
00000000
00000000
00001110
00111001
00111100
00110111
00101100
00010000
00000000
00000000
00000000
00000000
00011101
00101001
00100100
00001111
00000000
00000000
00000000
00000101
00001001
00001001
00000100
00000000
00000000
00000000
00000000
00000100
00111011
01001101
01001110
01000101
00010110
00000000
00000000
00000000
00000100
01000111
01011001
01011100
01011100
01000000
00000010
00000000
00000000
00000000
00010100
00100011
01010010
01011100
01001101
00001110
00000000
00000000
00000000
00000000
00010100
01011000
01011110
01011011
01001010
00001011
00000000
00000000
00000000
00000111
00101100
00111101
01011001
01011011
00100100
00000000
00000000
00000000
00001111
00011110
00100100
01001010
01010111
00100110
00000000
00000000
00000000
00100010
01011010
01011100
01010111
01000111
00010000
00000000
00000000
00000000
00010100
01001010
01010011
01000100
00010100
00000000
00000000
00000000
00000111
00001111
00001111
00001001
00000010
00000000
00000000
00000000
00000110
00101100
00110101
00110010
00110001
00010110
00000001
00000000
00000000
00000101
00011111
00011100
00011110
00100000
00010100
00000011
00000000
00000000
00000000
00000000
00010000
00101110
00101000
00011001
00001110
00000001
00000000
00000000
00000000
00010001
00100011
00100011
00100010
00100001
00001101
00000000
00000000
00000000
00000010
00000001
00000000
00010111
00011111
00001011
00000000
00000000
00000000
00010010
00100111
00101101
00110101
00100100
00000000
00000000
00000000
00000000
00011101
00110100
00110110
00110010
00001101
00000000
00000000
00000000
00000000
00000111
00001001
00001101
00000001
00000000
00000000
00000000
