[
    [
        [
            [
                0.25,
                -2.5,
                0,
                1.5
            ]
        ],
        [
            [
                -0.25,
                -2.5,
                0.25,
                1.75
            ]
        ],
        [
            [
                0.25,
                -2.75,
                -0.25,
                1.75
            ]
        ]
    ],
    [
        [
            [
                0,
                -2.25,
                0.25,
                2.25
            ]
        ],
        [
            [
                -0.25,
                -2.5,
                -0.25,
                2
            ]
        ],
        [
            [
                -0.25,
                -2.75,
                -0.25,
                2.25
            ]
        ]
    ],
    [
        [
            [
                0,
                -2.25,
                -0.25,
                1.25
            ]
        ],
        [
            [
                -0.25,
                -2.5,
                0.25,
                2
            ]
        ],
        [
            [
                0.25,
                -1.75,
                -0.25,
                2
            ]
        ]
    ]
]