Channel 1:
00000000 00001100 01011000 01011100 01100011 00000000 00000000 00000000 00000000
00100010 01001101 01000000 01100010 00001000 01001111 00000000 00000000 00000000
00100110 01011110 00000000 00010101 00000000 01001110 01000010 00000000 00000000
00000000 01011011 00000000 00111000 00000000 01001000 01110110 00000000 00000000
00000000 00000000 01101011 01001011 00001001 00100111 01001001 01101111 00000000
00000000 00000000 00000000 00000000 00101110 01110000 01100010 01100101 00000000
00000000 00000000 01001101 00010010 00000000 01011010 00010111 01100011 00000000
00000000 00000000 00000000 00000000 01100111 01000111 00010100 00000000 00000000
00000000 00000000 00100110 01110100 01011000 00001101 01101101 00000000 00000000

Channel 2:
00000000 00101010 00000100 01011111 00110001 00000000 00000000 00000000 00000000
00000001 01010101 01011001 00100100 01101111 01011011 01011011 00000000 00000000
00000011 01001001 01111010 01011111 00000000 00101110 01011001 00000000 00000000
00000000 00000000 00000000 01010011 00000110 01000100 01110011 00000000 00000000
00000000 00000000 00000000 00000001 00101111 00000000 00000101 01011011 00000000
00000000 00000000 00000000 01100010 00110010 00001011 01101001 01111100 00000000
00000000 00000000 01010101 01111111 00000000 01100110 01101101 01001010 00000000
00000000 00000000 00101111 00100010 00000000 01000001 01101110 01100111 00000000
00000000 00000000 01011101 01000001 00110111 01111111 01010001 01100111 00000000

Channel 3:
01011101 00000000 01010010 01100010 00000000 00001000 00000000 00000000 00000000
01010001 00011101 01100011 01000110 01111100 01000010 00000011 00000000 00000000
01101100 01010011 00000000 00000110 00000000 00101100 01010000 00000000 00000000
01100011 00001011 00000011 01110010 00000000 01110011 01111001 00001000 00000000
00000000 00000000 00011110 00111101 01110101 00111010 00011000 00101000 00000000
00000000 00000000 01100011 00110010 00011011 00110110 00000000 01011001 00000000
00000000 00000000 01011101 00000000 01100000 00000000 00000000 01000111 00000000
00000000 00000000 01101100 00000000 00101111 01111110 01000000 01000101 00000000
00000000 00000000 01100011 00010101 01101100 01100000 01011100 01000101 00000000

Channel 4:
00000000 00000000 01101001 01000100 00110101 00000000 00000000 00000000 00000000
00001000 00010110 00000000 00010100 00011010 01101011 01011100 00000000 00000000
00000000 00011010 00000000 00000000 01110101 00000000 00101101 00000000 00000000
00000110 00000000 00110100 01001101 01010111 01011011 01011100 00000000 00000000
00000000 00000000 01110010 00100111 01110110 00101101 00000000 01011100 00000000
00000000 00000000 00000110 01100111 00000000 00010010 00000000 01101011 00000000
00000000 00000000 11110011 01111010 00110001 00001000 01100100 01100111 00000000
00000000 00000000 00001000 00000000 01001001 01101001 01110110 00000000 00000000
00000000 00000000 00000110 01011000 01101110 00000000 00000000 00000000 00000000

