Channel 1:
00000000 00000000 00000000 00000000 00000000 00000000 00000000 00000000 00000000 00000000 00000000 00000000 00000000 00000000 00000000 00000000 00000000 00000000
00000000 11000101 10010000 00001100 11010111 01011000 01011100 11010011 00001101 01100011 11100010 00000000 00000000 00000000 00000000 00000000 00000000 00000000
00000000 00100010 01001101 11110000 10001000 01000000 00101100 10101010 10010100 10010011 01001111 11001101 00000000 00000000 00000000 00000000 00000000 00000000
00000000 00000000 00000000 00000000 10110111 00000000 00000000 01100010 00001000 00000000 11010100 11111010 11001101 00000000 00000000 00000000 00000000 00000000
00000000 11100100 00100010 00100101 10111001 00000000 00000000 00010101 00000000 00000000 01001110 00000000 01000010 00000000 00000000 00000000 00000000 00000000
00000000 00100110 01011110 00000000 00000000 00000000 10100110 10101101 00000000 11101010 00000000 11110111 00000000 00000000 00000000 00000000 00000000 00000000
00000000 00000000 00000100 01011011 00000000 00000000 00000000 00000000 00000000 00000000 01001000 11001010 01110110 11001101 00000000 00000000 00000000 00000000
00000000 00000000 00000000 00000000 00000000 00000000 00111000 00000000 11101101 00000000 00000000 00000000 00000000 01110001 11100010 00000000 00000000 00000000
00000000 00000000 00000000 00000000 00000000 01101011 00000000 10101010 00000000 00000000 00000000 11011001 00000000 01001001 01101111 00000000 00000000 00000000
00000000 00000000 00000000 00000000 00000000 10011100 00000000 01001011 00000000 00001001 00000000 00100111 11001101 00000000 10110010 11001101 00000000 00000000
00000000 00000000 00000000 00000000 00000000 00000000 00000000 11111000 00101001 00000000 00000000 00000000 11000100 01100010 01100101 01100101 00000000 00000000
00000000 00000000 00000000 00000000 00000000 00000000 00000000 00000000 00101110 00000000 00000011 01110000 11111111 11011011 00000000 00000000 00000000 00000000
00000000 00000000 00000000 00000000 11000101 10010000 00001100 00010010 11001100 00000000 00000000 00110001 00010111 11010011 00000000 00000000 00000000 00000000
00000000 00000000 00000000 00000000 00100010 01001101 11110000 10000010 00000000 00000000 01010101 01011010 00000000 00000000 01100011 10000101 00000000 00000000
00000000 00000000 00000000 00000000 00000000 00000000 00000000 00000000 00010110 01100111 00101101 00110011 00010100 00000000 00000000 00000000 00000000 00000000
00000000 00000000 00000000 00000000 11100100 00000000 11011011 11111101 00000000 00000000 00000000 01000111 10010111 00000000 00000000 00000000 00000000 00000000
00000000 00000000 00000000 00000000 00100110 00000000 11111111 00000000 10001000 01011000 00000000 00000000 01101101 00000000 00000000 00000000 00000000 00000000
00000000 00000000 00000000 00000000 00000000 11111011 10011011 01110100 10101001 11101010 00001101 00000000 00000000 00000000 00000000 00000000 00000000 00000000

Channel 2:
00000000 00000000 00000000 00000000 00000000 00000000 00000000 00000000 00000000 00000000 00000000 00000000 00000000 00000000 00000000 00000000 00000000 00000000
00000000 10000011 00010101 00101010 00000100 10001010 11101011 01011111 00110001 11011100 11011000 00000000 00000000 00000000 00000000 00000000 00000000 00000000
00000000 00000001 01010101 01001011 11100101 01011001 00100011 00100100 11111110 11111110 00101000 01011011 00000000 00000000 00000000 00000000 00000000 00000000
00000000 00000000 00000000 10001100 00000000 00000000 00000000 00000000 00000000 01101111 00000000 10101101 01011011 00000000 00000000 00000000 00000000 00000000
00000000 10011010 11100101 00010110 00000000 00000000 00000000 00010101 00000000 00000000 11000000 00101110 01011001 00000000 00000000 00000000 00000000 00000000
00000000 00000011 00001010 01001001 00010110 01111010 01011111 11101000 00000000 00000000 00000000 00000000 01000100 00000000 00000000 00000000 00000000 00000000
00000000 00000000 00000000 11101110 10100110 00000000 11100100 01010011 00000110 00000000 00000000 01000100 00110100 01011011 00000000 00000000 00000000 00000000
00000000 00000000 00000000 00000000 00000000 00000000 00000000 00000000 00000000 00000000 00000000 11011110 01110011 10010011 11011000 00000000 00000000 00000000
00000000 00000000 00000000 00000000 00000000 11000000 00000001 11001111 10001100 00000000 00000000 10100111 11001110 11101111 00110111 00000000 00000000 00000000
00000000 00000000 00000000 00000000 00000000 11000110 11111000 11100111 00101111 11000110 00000000 00000000 00000101 10101110 00110011 01011011 00000000 00000000
00000000 00000000 00000000 00000000 00000000 00000000 10000000 11011000 11001001 00110010 10101001 11110010 11011001 11100011 01111100 01010001 00000000 00000000
00000000 00000000 00000000 00000000 00000000 00000000 01100010 00000000 00010111 00000000 00001011 00000000 01101001 00010000 01101111 11001100 00000000 00000000
00000000 00000000 00000000 00000000 10000011 00010101 00101010 01111111 10000111 10101010 01000010 00001110 11110000 00110010 00110111 11011000 00000000 00000000
00000000 00000000 00000000 00000000 00000001 01010101 01001011 01000110 00000000 11001110 01100110 00000000 01101101 11001010 10110110 01001010 00000000 00000000
00000000 00000000 00000000 00000000 00000000 00101111 00000110 00000000 00000000 00000000 11010000 00000000 10110001 10000001 01000111 01100111 00000000 00000000
00000000 00000000 00000000 00000000 10011010 10010100 00100010 10010001 00000000 00000000 10001110 01000001 00111101 01101110 00000111 00000000 00000000 00000000
00000000 00000000 00000000 00000000 00000011 01011101 11010111 00110110 11101001 00110111 00010010 10110010 01010001 11001010 01100111 00000000 00000000 00000000
00000000 00000000 00000000 00000000 00000000 00000000 01000001 00011111 00101101 11101011 10100111 01111111 10001010 00000000 00000000 00000000 00000000 00000000

Channel 3:
00000000 00000000 00000000 00000000 00000000 00000000 00000000 00000000 00000000 00000000 00000000 00000000 00000000 00000000 00000000 00000000 00000000 00000000
00000000 01011101 11001101 10001011 01010010 00111110 01001000 01100010 10100010 11010110 00001000 00000000 00000000 00000000 00000000 00000000 00000000 00000000
00000000 10001111 00011101 11000101 10111001 11111010 11100110 10001100 01111100 11100001 00100111 00000011 00000000 00000000 00000000 00000000 00000000 00000000
00000000 01010001 11010111 00011001 00000000 01100011 01000110 10100000 11101111 00000000 01000010 10110100 00000011 00000000 00000000 00000000 00000000 00000000
00000000 01101100 01010011 10001010 00000000 00000000 00000000 00000000 00000000 11010111 10100100 10111101 01010000 00000000 00000000 00000000 00000000 00000000
00000000 10101001 00000000 10000100 00000000 00000000 00000110 10010111 10111110 00000000 00101100 10100110 00101111 00000000 00000000 00000000 00000000 00000000
00000000 01100011 10110100 00001011 10110100 10111011 00001101 00000000 11110101 00000000 00000000 01011010 01100011 00000011 00000000 00000000 00000000 00000000
00000000 00000000 00000000 00000000 00000000 00000011 01110010 00001000 00000000 00000000 01110011 11111111 01111001 00101111 00001000 00000000 00000000 00000000
00000000 00000000 00000000 00000000 00000000 00011110 00111101 00000000 00000000 00000000 00010000 00000000 00000000 10010001 11000111 00000000 00000000 00000000
00000000 00000000 00000000 00000000 00000000 11111011 10101001 00100110 00000110 01110101 10001111 00111010 00011000 00000000 00101000 00000011 00000000 00000000
00000000 00000000 00000000 00000000 00000000 00001111 10101001 00110010 11001001 00011011 00010110 00110110 11100100 00000000 10101010 01011001 00000000 00000000
00000000 00000000 00000000 00000000 00000000 01100011 00011111 10111110 11001111 10001011 00000000 00000000 00000000 00000000 01010101 00000110 00000000 00000000
00000000 00000000 00000000 00000000 01011101 11001101 10001011 00000000 01100000 11101100 00000000 00000000 00000000 00000000 11001100 00010101 00000000 00000000
00000000 00000000 00000000 00000000 10001111 00011101 11000101 00000000 01001110 11111010 00000000 00000000 00000000 00000000 10101001 01000111 00000000 00000000
00000000 00000000 00000000 00000000 01010001 01010101 10100101 00000000 00000000 00101111 00000000 00000000 00000000 00000000 00010100 01000101 00000000 00000000
00000000 00000000 00000000 00000000 01101100 10100110 11001111 00000000 00000000 00000000 01111110 00000000 00000000 01000000 11001010 00000000 00000000 00000000
00000000 00000000 00000000 00000000 10101001 11110100 00010101 10111111 01101100 11011010 01100000 11010001 10100110 01011100 01000101 00000000 00000000 00000000
00000000 00000000 00000000 00000000 01100011 10000101 10000111 10000011 00000000 00000000 10101110 00110110 01011100 00000000 00000000 00000000 00000000 00000000

Channel 4:
00000000 00000000 00000000 00000000 00000000 00000000 00000000 00000000 00000000 00000000 00000000 00000000 00000000 00000000 00000000 00000000 00000000 00000000
00000000 10001001 11101101 11101100 00000101 01101001 10100100 01000100 00110101 10011111 11011011 00000000 00000000 00000000 00000000 00000000 00000000 00000000
00000000 10110000 11110011 11010000 10001101 10100011 00010100 10011010 00011010 10111001 10101010 01011100 00000000 00000000 00000000 00000000 00000000 00000000
00000000 00001000 00010110 00000000 00000000 00000000 00000000 00000000 00000000 10110101 01010110 01101011 01011100 00000000 00000000 00000000 00000000 00000000
00000000 10100010 00011010 00000000 00000000 00000000 00000000 00000000 01110101 11011000 00000000 00000000 00101101 00000000 00000000 00000000 00000000 00000000
00000000 11001111 11110110 11000110 10111100 10110011 00000000 00000000 00111101 00000000 10000000 00000000 00000000 00000000 00000000 00000000 00000000 00000000
00000000 00000110 00000000 00000000 00000000 00110100 01001101 10110001 00000000 00000000 11010001 10110101 00011111 01011100 00000000 00000000 00000000 00000000
00000000 00000000 00000000 00000000 00000000 00000000 00000000 00000000 01010111 00000000 01011011 00000000 11111100 00101011 11011011 00000000 00000000 00000000
00000000 00000000 00000000 00000000 00000000 01101001 00100100 00000000 00000000 01101111 00011011 00101101 10000100 10111100 11001111 00000000 00000000 00000000
00000000 00000000 00000000 00000000 00000000 01110010 00100111 00000000 00000000 01110110 00000000 00000000 00000000 00000000 00000000 01011100 00000000 00000000
00000000 00000000 00000000 00000000 00000000 11010110 01100111 00000000 00000000 00000000 00010010 00000000 10011101 10111110 11011011 00101000 00000000 00000000
00000000 00000000 00000000 00000000 00000000 00000110 00000000 00000000 00000000 10010101 10111001 11010001 00000000 00000000 01101011 00000000 00000000 00000000
00000000 00000000 00000000 00000000 10001001 11101101 11101100 01111010 10000101 11001110 10011101 10011010 01100100 00000000 00000000 00000000 00000000 00000000
00000000 00000000 00000000 00000000 10110000 11110011 11010000 00110111 00011111 00110001 10101111 00001000 11101010 10011010 01100111 00101111 00000000 00000000
00000000 00000000 00000000 00000000 00001000 10100110 00000000 00000000 00000000 00000000 10110111 10001000 01110110 11110000 00000000 00000000 00000000 00000000
00000000 00000000 00000000 00000000 10100010 10010000 11100111 00000000 11101000 01001001 00111001 01101001 01011010 00000000 00000000 00000000 00000000 00000000
00000000 00000000 00000000 00000000 11001111 10111010 01011000 11000001 00000000 00000000 00000000 10000110 00000000 00000000 00000000 00000000 00000000 00000000
00000000 00000000 00000000 00000000 00000110 00000000 00000000 00001111 01101110 01011100 00000000 00000000 00000000 00000000 00000000 00000000 00000000 00000000

