Channel 1:
0.000000, 0.000000, 0.000000, 0.000000, 0.000000, 0.000000, 0.000000, 0.000000, 0.000000, 0.000000, 0.000000, 0.000000, 0.000000, 0.000000, 0.000000, 0.000000, 0.000000, 0.000000, 0.000000, 0.000000, 0.000000, 0.000000, 0.000000, 0.000000, 0.000000, 0.000000, 0.000000, 0.000000, 0.377597, 1.315156, 1.513874, 1.001559, 0.158050, 0.000000, 0.000000, 0.000000, 0.000000, 0.000000, 0.000000, 0.000000
0.000000, 0.000000, 0.000000, 0.000000, 0.000000, 0.000000, 0.000000, 0.000000, 0.000000, 0.000000, 0.000000, 0.000000, 0.000000, 0.000000, 0.000000, 0.000000, 0.000000, 0.000000, 0.000000, 0.000000, 0.000000, 0.000000, 0.000000, 0.000000, 0.000000, 0.000000, 0.000000, 0.000000, 5.450295, 10.416432, 10.670719, 7.702539, 3.240543, 0.157176, 0.000000, 0.000000, 0.000000, 0.000000, 0.000000, 0.000000
0.000000, 0.000000, 0.000000, 0.000000, 0.000000, 0.000000, 0.000000, 0.000000, 0.000000, 0.000000, 0.000000, 0.000000, 0.000000, 0.000000, 0.000000, 0.000000, 0.000000, 0.000000, 0.000000, 0.000000, 0.000000, 0.000000, 0.000000, 0.000000, 0.000000, 0.000000, 0.000000, 2.284586, 8.726603, 14.601544, 16.087856, 13.541391, 6.630370, 0.757942, 0.000000, 0.000000, 0.000000, 0.000000, 0.000000, 0.000000
0.000000, 0.000000, 0.000000, 0.000000, 0.000000, 0.000000, 0.000000, 0.000000, 0.000000, 0.000000, 0.000000, 0.000000, 0.000000, 0.000000, 0.000000, 0.000000, 0.000000, 0.000000, 0.000000, 0.000000, 0.000000, 0.000000, 0.000000, 0.000000, 0.000000, 0.000000, 0.000000, 0.000000, 0.000000, 3.961372, 10.636746, 13.353811, 7.711376, 1.009944, 0.000000, 0.000000, 0.000000, 0.000000, 0.000000, 0.000000
0.000000, 0.000000, 0.000000, 0.000000, 0.000000, 0.000000, 0.000000, 0.000000, 0.000000, 0.000000, 0.000000, 0.000000, 0.000000, 0.000000, 0.000000, 0.000000, 0.000000, 0.000000, 0.000000, 0.000000, 0.000000, 0.000000, 0.000000, 0.000000, 0.000000, 0.000000, 0.000000, 0.000000, 0.000000, 0.000000, 3.538854, 6.252213, 3.364596, 0.210518, 0.000000, 0.000000, 0.000000, 0.000000, 0.000000, 0.000000
0.000000, 0.000000, 0.000000, 0.000000, 0.000000, 0.000000, 0.000000, 0.000000, 0.000000, 0.000000, 0.000000, 0.000000, 0.000000, 0.000000, 0.000000, 0.000000, 0.000000, 0.000000, 0.000000, 0.000000, 0.000000, 0.231547, 0.446669, 0.000000, 0.000000, 0.000000, 0.000000, 0.000000, 0.000000, 0.000000, 0.000000, 0.000000, 0.000000, 0.000000, 0.000000, 0.000000, 0.000000, 0.000000, 0.000000, 0.000000
0.000000, 0.000000, 0.000000, 0.000000, 0.000000, 0.000000, 0.000000, 0.000000, 0.000000, 0.000000, 0.000000, 0.000000, 0.000000, 0.000000, 0.000000, 0.000000, 0.000000, 0.000000, 0.000000, 0.346933, 0.000000, 0.000000, 0.000000, 0.000000, 0.000000, 0.000000, 0.000000, 0.000000, 0.000000, 0.000000, 0.000000, 0.000000, 0.000000, 0.000000, 0.000000, 0.000000, 0.000000, 0.000000, 0.000000, 0.000000
0.000000, 0.000000, 0.000000, 0.000000, 0.000000, 0.000000, 0.000000, 0.000000, 0.000000, 0.000000, 0.000000, 0.000000, 0.000000, 0.000000, 0.000000, 0.649242, 2.314590, 1.265040, 0.000000, 0.000000, 0.000000, 0.000000, 0.000000, 0.000000, 0.000000, 0.000000, 0.000000, 0.000000, 0.000000, 0.000000, 0.000000, 0.000000, 0.000000, 0.000000, 0.000000, 0.000000, 0.000000, 0.000000, 0.000000, 0.000000
0.000000, 0.000000, 0.000000, 0.000000, 0.000000, 0.000000, 0.000000, 0.000000, 0.000000, 0.000000, 0.000000, 0.000000, 0.000000, 0.000000, 0.000000, 0.000000, 0.000000, 0.000000, 0.000000, 0.000000, 0.000000, 0.000000, 0.000000, 0.000000, 0.000000, 0.000000, 0.000000, 0.000000, 0.000000, 0.000000, 0.000000, 0.000000, 0.000000, 0.000000, 0.000000, 0.000000, 0.000000, 0.000000, 0.000000, 0.000000
0.000000, 0.000000, 0.000000, 0.000000, 0.000000, 0.000000, 0.000000, 0.000000, 0.000000, 0.000000, 0.000000, 0.000000, 0.000000, 0.000000, 0.000000, 0.000000, 0.000000, 0.000000, 0.000000, 0.000000, 0.000000, 0.000000, 0.000000, 0.000000, 0.000000, 0.000000, 0.000000, 0.000000, 0.000000, 0.000000, 0.000000, 0.000000, 0.000000, 0.000000, 0.000000, 0.000000, 0.000000, 0.000000, 0.000000, 0.000000
0.000000, 0.000000, 0.000000, 0.000000, 0.000000, 0.000000, 0.000000, 0.000000, 0.000000, 0.000000, 0.000000, 0.000000, 0.000000, 0.000000, 0.000000, 0.000000, 0.000000, 0.000000, 0.000000, 0.000000, 0.000000, 0.000000, 0.000000, 0.741520, 0.000000, 0.000000, 0.000000, 0.000000, 0.000000, 0.000000, 0.000000, 0.000000, 0.000000, 0.000000, 0.000000, 0.000000, 0.000000, 0.000000, 0.000000, 0.000000
0.000000, 0.000000, 0.000000, 0.000000, 0.000000, 0.000000, 0.000000, 0.000000, 0.000000, 0.000000, 0.000000, 0.000000, 0.000000, 0.000000, 0.000000, 0.000000, 0.000000, 0.000000, 0.000000, 0.000000, 0.000000, 0.000000, 0.683388, 0.878912, 0.000000, 0.000000, 0.000000, 0.000000, 0.000000, 0.000000, 0.000000, 0.000000, 0.000000, 0.000000, 0.000000, 0.000000, 0.000000, 0.000000, 0.000000, 0.000000
0.000000, 0.000000, 0.000000, 0.000000, 0.000000, 0.000000, 0.000000, 0.000000, 0.000000, 0.000000, 0.000000, 0.000000, 0.000000, 0.000000, 0.000000, 0.000000, 0.000000, 0.000000, 0.000000, 0.000000, 0.000000, 0.000000, 1.869136, 2.133776, 0.000000, 0.000000, 0.000000, 0.000000, 0.000000, 0.000000, 0.000000, 0.000000, 0.000000, 0.000000, 0.000000, 0.000000, 0.000000, 0.000000, 0.000000, 0.000000
0.000000, 0.000000, 0.000000, 0.000000, 0.000000, 0.000000, 0.000000, 0.000000, 0.000000, 0.000000, 0.000000, 0.000000, 0.000000, 0.000000, 0.000000, 0.000000, 0.000000, 0.000000, 0.000000, 0.000000, 0.000000, 0.000000, 0.829177, 0.174043, 0.000000, 0.000000, 0.000000, 0.000000, 0.000000, 0.000000, 0.000000, 0.000000, 0.000000, 0.000000, 0.000000, 0.000000, 0.000000, 0.000000, 0.000000, 0.000000
0.000000, 0.000000, 0.000000, 0.000000, 0.000000, 0.000000, 0.000000, 0.000000, 0.000000, 0.000000, 0.000000, 0.000000, 0.000000, 0.000000, 0.000000, 0.000000, 0.000000, 0.000000, 0.000000, 0.000000, 0.000000, 0.843484, 0.066674, 0.000000, 0.000000, 0.000000, 0.000000, 0.000000, 0.000000, 0.000000, 0.000000, 0.000000, 0.000000, 0.000000, 0.000000, 0.000000, 0.000000, 0.000000, 0.000000, 0.000000
0.000000, 0.000000, 0.000000, 0.000000, 0.000000, 0.000000, 0.000000, 0.000000, 0.000000, 0.000000, 0.000000, 0.000000, 0.000000, 0.000000, 0.000000, 0.000000, 0.000000, 0.000000, 0.000000, 0.000000, 0.000000, 0.000000, 0.000000, 0.000000, 0.000000, 0.000000, 0.000000, 0.000000, 0.000000, 0.000000, 0.000000, 0.000000, 0.000000, 0.000000, 0.000000, 0.000000, 0.000000, 0.000000, 0.000000, 0.000000
0.000000, 0.000000, 0.000000, 0.000000, 0.000000, 0.000000, 0.000000, 0.000000, 0.000000, 0.000000, 0.000000, 0.000000, 0.000000, 0.000000, 0.000000, 0.000000, 0.000000, 0.000000, 0.248191, 0.000000, 0.000000, 0.000000, 0.000000, 0.000000, 0.000000, 0.000000, 0.000000, 0.000000, 0.000000, 0.000000, 0.000000, 0.074542, 0.088911, 0.000000, 0.000000, 0.000000, 0.000000, 0.000000, 0.000000, 0.000000
0.000000, 0.000000, 0.000000, 0.000000, 0.000000, 0.000000, 0.000000, 0.000000, 0.000000, 0.000000, 0.000000, 0.000000, 0.000000, 0.000000, 0.000000, 0.000000, 0.000000, 1.824555, 2.692521, 1.013209, 0.000000, 0.000000, 0.000000, 0.000000, 0.000000, 0.000000, 0.000000, 0.229691, 2.684674, 4.013766, 4.164243, 4.811608, 6.389016, 6.369843, 2.780044, 0.053382, 0.000000, 0.000000, 0.000000, 0.000000
0.000000, 0.000000, 0.000000, 0.000000, 0.000000, 0.000000, 0.000000, 0.000000, 0.000000, 0.000000, 0.000000, 0.000000, 0.000000, 0.000000, 0.000000, 0.000000, 3.419525, 4.692492, 1.541142, 0.072947, 0.000000, 0.000000, 0.000000, 0.000000, 0.000000, 0.000000, 0.000000, 3.859300, 8.816288, 11.137180, 11.430401, 12.514525, 16.057558, 15.849547, 8.209486, 1.978425, 0.000000, 0.000000, 0.000000, 0.000000
0.000000, 0.000000, 0.000000, 0.000000, 0.000000, 0.000000, 0.000000, 0.000000, 0.000000, 0.000000, 0.000000, 0.000000, 0.000000, 0.000000, 0.000000, 0.000000, 1.916026, 2.895417, 0.251464, 0.000000, 0.000000, 0.000000, 0.000000, 0.000000, 0.822887, 0.000000, 0.000000, 0.000000, 1.888893, 2.861751, 3.218244, 4.666826, 11.298200, 16.351645, 13.782283, 6.809316, 0.894599, 0.000000, 0.000000, 0.000000
0.000000, 0.000000, 0.000000, 0.000000, 0.000000, 0.000000, 0.000000, 0.000000, 0.000000, 0.000000, 0.000000, 0.000000, 0.000000, 0.000000, 0.000000, 0.000000, 0.000000, 0.024861, 0.000000, 0.000000, 0.682442, 0.919607, 0.217383, 2.632116, 3.422227, 0.000000, 0.000000, 0.000000, 0.000000, 0.000000, 0.000000, 0.000000, 1.243347, 11.720021, 17.907166, 11.696139, 2.061060, 0.000000, 0.000000, 0.000000
0.000000, 0.000000, 0.000000, 0.000000, 0.000000, 0.000000, 0.000000, 0.000000, 0.000000, 0.000000, 0.000000, 0.000000, 0.000000, 3.518708, 2.797495, 0.000000, 0.000000, 0.000000, 0.000000, 2.516203, 4.719661, 4.411294, 1.779723, 0.670677, 0.000000, 0.000000, 0.000000, 0.000000, 0.000000, 0.000000, 0.000000, 0.000000, 0.000000, 4.324151, 17.550640, 14.294702, 2.872505, 0.000000, 0.000000, 0.000000
0.000000, 0.000000, 0.000000, 0.000000, 0.000000, 0.000000, 0.000000, 0.000000, 0.000000, 0.000000, 0.000000, 0.000000, 0.000000, 7.268988, 3.751897, 0.000000, 0.000000, 0.000000, 0.635564, 1.116755, 0.733704, 0.000000, 0.000000, 0.000000, 0.000000, 0.000000, 0.000000, 0.000000, 0.000000, 0.000000, 0.000000, 0.000000, 0.000000, 0.496862, 13.774971, 11.807958, 2.345827, 0.000000, 0.000000, 0.000000
0.000000, 0.000000, 0.000000, 0.000000, 0.000000, 0.000000, 0.000000, 0.000000, 0.000000, 0.000000, 0.000000, 0.000000, 0.000000, 9.209505, 4.167245, 0.000000, 0.000000, 0.247577, 0.000000, 0.000000, 0.000000, 0.000000, 0.000000, 0.000000, 0.000000, 0.000000, 0.000000, 0.000000, 0.000000, 0.000000, 0.000000, 0.000000, 0.000000, 0.000000, 7.963890, 6.760324, 1.121476, 0.000000, 0.000000, 0.000000
0.000000, 0.000000, 0.000000, 0.000000, 0.000000, 0.000000, 0.000000, 0.000000, 0.000000, 0.000000, 0.000000, 0.000000, 0.000000, 10.044995, 2.777760, 0.000000, 0.000000, 0.000000, 0.000000, 0.000000, 0.000000, 0.000000, 0.000000, 0.000000, 0.000000, 0.000000, 0.000000, 0.000000, 0.000000, 0.000000, 0.000000, 0.000000, 0.000000, 3.876134, 5.184748, 2.426686, 0.105685, 0.000000, 0.000000, 0.000000
0.000000, 0.000000, 0.000000, 0.000000, 0.000000, 0.000000, 0.000000, 0.000000, 0.000000, 0.000000, 0.000000, 0.000000, 0.000000, 5.906744, 1.351131, 0.000000, 0.000000, 0.000000, 0.000000, 0.000000, 0.000000, 0.000000, 0.000000, 0.000000, 0.000000, 0.000000, 0.000000, 0.000000, 0.000000, 0.000000, 0.000000, 0.000000, 0.822049, 5.006905, 2.803514, 0.194565, 0.000000, 0.000000, 0.000000, 0.000000
0.000000, 0.000000, 0.000000, 0.000000, 0.000000, 0.000000, 0.000000, 0.000000, 0.000000, 0.000000, 0.000000, 0.000000, 0.000000, 0.786472, 0.000000, 0.000000, 0.000000, 0.000000, 0.000000, 0.000000, 1.795319, 1.903256, 2.060385, 3.106008, 4.430745, 2.199111, 0.000000, 0.000000, 0.000000, 0.000000, 0.000000, 0.000000, 0.000000, 3.051878, 1.533278, 0.000000, 0.000000, 0.000000, 0.000000, 0.000000
0.000000, 0.000000, 0.000000, 0.000000, 0.000000, 0.000000, 0.000000, 0.000000, 0.000000, 0.000000, 0.000000, 0.000000, 0.000000, 0.000000, 0.000000, 0.000000, 0.000000, 0.000000, 0.000000, 0.189819, 4.402068, 5.183435, 5.473901, 5.757485, 5.668507, 4.312496, 0.571333, 0.000000, 0.000000, 0.000000, 0.000000, 0.000000, 0.000000, 0.000000, 0.000000, 0.000000, 0.000000, 0.000000, 0.000000, 0.000000
0.000000, 0.000000, 0.000000, 0.000000, 0.000000, 0.000000, 0.000000, 0.000000, 0.000000, 0.000000, 0.000000, 0.000000, 0.000000, 0.000000, 0.000000, 0.000000, 0.000000, 0.000000, 0.000000, 0.000000, 0.000000, 0.000000, 0.000000, 0.000000, 0.000000, 0.000000, 0.000000, 0.000000, 0.000000, 0.000000, 0.000000, 0.000000, 0.000000, 0.000000, 0.000000, 0.000000, 0.000000, 0.000000, 0.000000, 0.000000
0.000000, 0.000000, 0.000000, 0.000000, 0.000000, 0.000000, 0.000000, 0.000000, 0.000000, 0.000000, 0.000000, 0.000000, 0.000000, 0.000000, 0.000000, 0.000000, 0.000000, 0.000000, 0.000000, 0.000000, 0.000000, 0.000000, 0.000000, 0.000000, 0.000000, 0.000000, 0.000000, 0.000000, 0.000000, 0.000000, 0.000000, 0.000000, 0.000000, 0.000000, 0.000000, 0.000000, 0.000000, 0.000000, 0.000000, 0.000000
0.000000, 0.000000, 0.000000, 0.000000, 0.000000, 0.000000, 0.000000, 0.000000, 0.000000, 0.000000, 0.000000, 0.000000, 0.000000, 0.000000, 0.000000, 0.000000, 0.000000, 0.000000, 0.000000, 0.000000, 0.000000, 0.000000, 0.000000, 0.000000, 0.000000, 0.000000, 0.000000, 0.000000, 0.000000, 0.000000, 0.000000, 0.000000, 0.000000, 0.000000, 0.000000, 0.000000, 0.000000, 0.000000, 0.000000, 0.000000
0.000000, 0.000000, 0.000000, 0.000000, 0.000000, 0.000000, 0.000000, 0.000000, 0.000000, 0.000000, 0.000000, 0.000000, 0.000000, 0.000000, 0.000000, 0.000000, 0.000000, 0.000000, 0.000000, 0.000000, 0.000000, 0.000000, 0.000000, 0.000000, 0.000000, 0.000000, 0.000000, 0.000000, 0.000000, 0.000000, 0.000000, 0.000000, 0.000000, 0.000000, 0.000000, 0.000000, 0.000000, 0.000000, 0.000000, 0.000000
0.000000, 0.000000, 0.000000, 0.000000, 0.000000, 0.000000, 0.000000, 0.000000, 0.000000, 0.000000, 0.000000, 0.000000, 0.000000, 0.000000, 0.000000, 0.000000, 0.000000, 0.000000, 0.000000, 0.000000, 0.000000, 0.000000, 0.000000, 0.000000, 0.000000, 0.000000, 0.000000, 0.000000, 0.000000, 0.000000, 0.000000, 0.000000, 0.000000, 0.000000, 0.000000, 0.000000, 0.000000, 0.000000, 0.000000, 0.000000
0.000000, 0.000000, 0.000000, 0.000000, 0.000000, 0.000000, 0.000000, 0.000000, 0.000000, 0.000000, 0.000000, 0.000000, 0.000000, 0.000000, 0.000000, 0.000000, 0.000000, 0.000000, 0.000000, 0.000000, 0.000000, 0.000000, 0.000000, 0.000000, 0.000000, 0.000000, 0.000000, 0.000000, 0.000000, 0.000000, 0.000000, 0.000000, 0.000000, 0.000000, 0.000000, 0.000000, 0.000000, 0.000000, 0.000000, 0.000000
0.000000, 0.000000, 0.000000, 0.000000, 0.000000, 0.000000, 0.000000, 0.000000, 0.000000, 0.000000, 0.000000, 0.000000, 0.000000, 0.000000, 0.000000, 0.000000, 0.000000, 0.000000, 0.000000, 0.000000, 0.000000, 0.000000, 0.000000, 0.000000, 0.000000, 0.000000, 0.000000, 0.000000, 0.000000, 0.000000, 0.000000, 0.000000, 0.000000, 0.000000, 0.000000, 0.000000, 0.000000, 0.000000, 0.000000, 0.000000
0.000000, 0.000000, 0.000000, 0.000000, 0.000000, 0.000000, 0.000000, 0.000000, 0.000000, 0.000000, 0.000000, 0.000000, 0.000000, 0.000000, 0.000000, 0.000000, 0.000000, 0.000000, 0.000000, 0.000000, 0.000000, 0.000000, 0.000000, 0.000000, 0.000000, 0.000000, 0.000000, 0.000000, 0.000000, 0.000000, 0.000000, 0.000000, 0.000000, 0.000000, 0.000000, 0.000000, 0.000000, 0.000000, 0.000000, 0.000000
0.000000, 0.000000, 0.000000, 0.000000, 0.000000, 0.000000, 0.000000, 0.000000, 0.000000, 0.000000, 0.000000, 0.000000, 0.000000, 0.000000, 0.000000, 0.000000, 0.000000, 0.000000, 0.000000, 0.000000, 0.000000, 0.000000, 0.000000, 0.000000, 0.000000, 0.000000, 0.000000, 0.000000, 0.000000, 0.000000, 0.000000, 0.000000, 0.000000, 0.000000, 0.000000, 0.000000, 0.000000, 0.000000, 0.000000, 0.000000
0.000000, 0.000000, 0.000000, 0.000000, 0.000000, 0.000000, 0.000000, 0.000000, 0.000000, 0.000000, 0.000000, 0.000000, 0.000000, 0.000000, 0.000000, 0.000000, 0.000000, 0.000000, 0.000000, 0.000000, 0.000000, 0.000000, 0.000000, 0.000000, 0.000000, 0.000000, 0.000000, 0.000000, 0.000000, 0.000000, 0.000000, 0.000000, 0.000000, 0.000000, 0.000000, 0.000000, 0.000000, 0.000000, 0.000000, 0.000000
0.000000, 0.000000, 0.000000, 0.000000, 0.000000, 0.000000, 0.000000, 0.000000, 0.000000, 0.000000, 0.000000, 0.000000, 0.000000, 0.000000, 0.000000, 0.000000, 0.000000, 0.000000, 0.000000, 0.000000, 0.000000, 0.000000, 0.000000, 0.000000, 0.000000, 0.000000, 0.000000, 0.000000, 0.000000, 0.000000, 0.000000, 0.000000, 0.000000, 0.000000, 0.000000, 0.000000, 0.000000, 0.000000, 0.000000, 0.000000
0.000000, 0.000000, 0.000000, 0.000000, 0.000000, 0.000000, 0.000000, 0.000000, 0.000000, 0.000000, 0.000000, 0.000000, 0.000000, 0.000000, 0.000000, 0.000000, 0.000000, 0.000000, 0.000000, 0.000000, 0.000000, 0.000000, 0.000000, 0.000000, 0.000000, 0.000000, 0.000000, 0.000000, 0.000000, 0.000000, 0.000000, 0.000000, 0.000000, 0.000000, 0.000000, 0.000000, 0.000000, 0.000000, 0.000000, 0.000000

Channel 2:
0.461554, 0.461554, 0.461554, 0.461554, 0.461554, 0.461554, 0.461554, 0.461554, 0.461554, 0.461554, 0.461554, 0.461554, 0.461554, 0.461554, 0.461554, 0.461554, 0.461554, 0.461554, 0.461554, 0.461554, 0.461554, 0.461554, 0.461554, 0.461554, 0.431141, 0.409170, 0.172225, 0.000000, 0.000000, 0.000000, 0.000000, 0.000000, 0.000000, 0.292405, 0.461554, 0.461554, 0.461554, 0.461554, 0.461554, 0.461554
0.461554, 0.461554, 0.461554, 0.461554, 0.461554, 0.461554, 0.461554, 0.461554, 0.461554, 0.461554, 0.461554, 0.461554, 0.461554, 0.461554, 0.461554, 0.461554, 0.461554, 0.461554, 0.461554, 0.461554, 0.461554, 0.461554, 0.461554, 0.446348, 0.490881, 0.525883, 0.000000, 0.000000, 0.000000, 0.000000, 0.000000, 0.000000, 0.000000, 0.000000, 0.461554, 0.461554, 0.461554, 0.461554, 0.461554, 0.461554
0.461554, 0.461554, 0.461554, 0.461554, 0.461554, 0.461554, 0.461554, 0.461554, 0.461554, 0.461554, 0.461554, 0.461554, 0.461554, 0.461554, 0.461554, 0.461554, 0.461554, 0.461554, 0.461554, 0.461554, 0.446348, 0.404949, 0.196077, 0.000000, 0.000000, 0.000000, 0.000000, 0.000000, 0.000000, 0.000000, 0.000000, 0.000000, 0.000000, 0.000000, 0.461554, 0.461554, 0.461554, 0.461554, 0.461554, 0.461554
0.461554, 0.461554, 0.461554, 0.461554, 0.461554, 0.461554, 0.461554, 0.461554, 0.461554, 0.461554, 0.461554, 0.461554, 0.461554, 0.461554, 0.461554, 0.461554, 0.461554, 0.461554, 0.431141, 0.424376, 0.218574, 0.000000, 0.000000, 0.000000, 0.000000, 0.000000, 0.000000, 0.000000, 0.000000, 0.000000, 0.000000, 0.000000, 0.000000, 0.000000, 0.461554, 0.461554, 0.461554, 0.461554, 0.461554, 0.461554
0.461554, 0.461554, 0.461554, 0.461554, 0.461554, 0.461554, 0.461554, 0.461554, 0.461554, 0.461554, 0.461554, 0.461554, 0.461554, 0.461554, 0.461554, 0.461554, 0.461554, 0.415935, 0.544941, 0.247680, 0.000000, 0.000000, 0.000000, 0.000000, 0.000000, 0.000000, 0.000000, 0.000000, 0.000000, 0.000000, 0.000000, 0.000000, 0.000000, 0.000000, 0.461554, 0.461554, 0.461554, 0.461554, 0.461554, 0.461554
0.461554, 0.461554, 0.461554, 0.461554, 0.461554, 0.461554, 0.461554, 0.461554, 0.461554, 0.461554, 0.461554, 0.461554, 0.461554, 0.461554, 0.385522, 0.452244, 0.000000, 0.000000, 0.000000, 0.000000, 0.000000, 0.000000, 0.000000, 0.000000, 0.000000, 0.000000, 0.000000, 0.000000, 0.000000, 0.000000, 0.000000, 0.000000, 0.000000, 0.000000, 0.461554, 0.461554, 0.461554, 0.461554, 0.461554, 0.461554
0.461554, 0.461554, 0.461554, 0.461554, 0.461554, 0.461554, 0.461554, 0.461554, 0.461554, 0.461554, 0.461554, 0.431141, 0.454789, 0.098739, 0.075582, 0.000000, 0.000000, 0.000000, 0.000000, 0.000000, 0.000000, 0.000000, 0.000000, 0.000000, 0.000000, 0.000000, 0.000000, 0.000000, 0.000000, 0.000000, 0.000000, 0.000000, 0.000000, 0.324504, 0.461554, 0.461554, 0.461554, 0.461554, 0.461554, 0.461554
0.461554, 0.461554, 0.461554, 0.461554, 0.461554, 0.461554, 0.461554, 0.461554, 0.461554, 0.461554, 0.461554, 0.486661, 0.580503, 0.000000, 0.000000, 0.000000, 0.000000, 0.000000, 0.000000, 0.000000, 0.000000, 0.000000, 0.000000, 0.000000, 0.000000, 0.000000, 0.000000, 0.000000, 0.343901, 0.559500, 0.000000, 0.000000, 0.278820, 0.461554, 0.461554, 0.461554, 0.461554, 0.461554, 0.461554, 0.461554
0.461554, 0.461554, 0.461554, 0.461554, 0.461554, 0.461554, 0.461554, 0.461554, 0.461554, 0.461554, 0.461554, 1.313711, 2.545127, 3.873575, 2.630385, 0.000000, 0.000000, 0.000000, 0.392356, 0.000000, 0.000000, 0.000000, 0.000000, 0.000000, 0.000000, 0.000000, 0.000000, 0.000000, 0.000000, 0.000000, 0.282308, 0.461554, 0.461554, 0.461554, 0.461554, 0.461554, 0.461554, 0.461554, 0.461554, 0.461554
0.461554, 0.461554, 0.461554, 0.461554, 0.461554, 0.461554, 0.461554, 0.461554, 0.461554, 0.461554, 0.461554, 2.016756, 5.307922, 11.029532, 12.788425, 11.741046, 11.670671, 10.614157, 4.724395, 0.100988, 0.000000, 0.000000, 0.000000, 0.000000, 0.000000, 0.000000, 0.000000, 0.000000, 0.070448, 0.332440, 0.415871, 0.461554, 0.461554, 0.461554, 0.461554, 0.461554, 0.461554, 0.461554, 0.461554, 0.461554
0.461554, 0.461554, 0.461554, 0.461554, 0.461554, 0.461554, 0.461554, 0.461554, 0.461554, 0.461554, 0.461554, 1.508681, 3.804927, 8.437263, 10.029956, 11.038371, 13.153913, 11.113762, 2.641879, 0.000000, 0.000000, 0.000000, 0.000000, 0.000000, 0.000000, 0.000000, 0.000000, 0.000000, 0.324504, 0.461554, 0.461554, 0.461554, 0.461554, 0.461554, 0.461554, 0.461554, 0.461554, 0.461554, 0.461554, 0.461554
0.461554, 0.461554, 0.461554, 0.461554, 0.461554, 0.461554, 0.461554, 0.461554, 0.461554, 0.461554, 0.461554, 0.806204, 1.772708, 3.362367, 4.991616, 5.621945, 8.310226, 5.318758, 0.263380, 0.000000, 0.000000, 0.000000, 0.000000, 0.000000, 0.000000, 0.000000, 0.153195, 0.415871, 0.461554, 0.461554, 0.461554, 0.461554, 0.461554, 0.461554, 0.461554, 0.461554, 0.461554, 0.461554, 0.461554, 0.461554
0.461554, 0.461554, 0.461554, 0.461554, 0.461554, 0.461554, 0.461554, 0.461554, 0.461554, 0.461554, 0.461554, 0.415935, 0.840483, 1.289349, 3.121560, 3.323938, 5.508966, 2.022600, 0.000000, 0.000000, 0.000000, 0.000000, 0.000000, 0.000000, 0.000000, 0.000000, 0.415871, 0.461554, 0.461554, 0.461554, 0.461554, 0.461554, 0.461554, 0.461554, 0.461554, 0.461554, 0.461554, 0.461554, 0.461554, 0.461554
0.461554, 0.461554, 0.461554, 0.461554, 0.461554, 0.461554, 0.461554, 0.461554, 0.461554, 0.461554, 0.461554, 0.461198, 1.501402, 2.115226, 2.968428, 0.840061, 0.362285, 0.000000, 0.000000, 0.000000, 0.000000, 0.000000, 0.000000, 0.000000, 0.000000, 0.370187, 0.461554, 0.461554, 0.461554, 0.461554, 0.461554, 0.461554, 0.461554, 0.461554, 0.461554, 0.461554, 0.461554, 0.461554, 0.461554, 0.461554
0.461554, 0.461554, 0.461554, 0.461554, 0.461554, 0.461554, 0.461554, 0.461554, 0.461554, 0.400729, 0.265547, 1.366100, 1.033812, 1.382011, 0.000000, 0.000000, 0.000000, 0.000000, 0.000000, 0.000000, 0.000000, 0.000000, 0.000000, 0.000000, 0.190942, 0.461554, 0.461554, 0.461554, 0.461554, 0.461554, 0.461554, 0.461554, 0.461554, 0.461554, 0.461554, 0.461554, 0.461554, 0.461554, 0.461554, 0.461554
0.461554, 0.461554, 0.461554, 0.461554, 0.461554, 0.461554, 0.461554, 0.461554, 0.400729, 0.665506, 0.975208, 2.380645, 0.907955, 0.000000, 0.000000, 0.000000, 0.000000, 0.000000, 0.000000, 0.000000, 0.350948, 0.000000, 0.000000, 0.241074, 0.415871, 0.461554, 0.461554, 0.446348, 0.480981, 0.311832, 0.311832, 0.327038, 0.292405, 0.461554, 0.461554, 0.461554, 0.461554, 0.461554, 0.461554, 0.461554
0.461554, 0.461554, 0.461554, 0.461554, 0.461554, 0.461554, 0.461554, 0.461554, 0.481354, 1.855947, 3.077317, 3.600058, 0.000000, 0.000000, 0.000000, 0.000000, 0.000000, 0.000000, 0.000000, 0.000000, 1.175255, 0.000000, 0.000000, 0.461554, 0.461554, 0.446348, 0.450568, 0.401254, 0.046282, 0.000000, 0.000000, 0.000000, 0.000000, 0.000000, 0.292405, 0.461554, 0.461554, 0.461554, 0.461554, 0.461554
0.461554, 0.461554, 0.461554, 0.461554, 0.461554, 0.461554, 0.461554, 0.461554, 2.160563, 5.029119, 7.589574, 6.041800, 0.834131, 0.000000, 0.000000, 0.000000, 0.000000, 0.000000, 0.000000, 0.000000, 0.027570, 0.370187, 0.461554, 0.431141, 0.363551, 0.037774, 0.000000, 0.000000, 0.000000, 0.000000, 0.000000, 0.000000, 0.000000, 0.000000, 0.000000, 0.000000, 0.292405, 0.461554, 0.461554, 0.461554
0.461554, 0.461554, 0.461554, 0.461554, 0.461554, 0.461554, 0.461554, 0.431141, 4.366424, 10.121120, 13.310608, 7.802051, 0.000000, 0.000000, 0.000000, 0.000000, 0.000000, 0.000000, 0.000000, 0.000000, 0.374408, 0.285639, 0.129151, 0.000000, 0.000000, 0.000000, 0.000000, 0.000000, 0.000000, 0.000000, 0.000000, 0.000000, 0.000000, 0.000000, 0.000000, 0.000000, 0.000000, 0.461554, 0.461554, 0.461554
0.461554, 0.461554, 0.461554, 0.461554, 0.461554, 0.461554, 0.431141, 0.525514, 4.944279, 10.705604, 11.300397, 3.493351, 0.000000, 0.000000, 0.000000, 0.000000, 0.000000, 0.000000, 0.000000, 0.000000, 0.393750, 0.000000, 0.000000, 0.000000, 0.000000, 0.000000, 0.000000, 0.000000, 0.000000, 0.000000, 0.000000, 0.000000, 0.000000, 0.000000, 0.000000, 0.000000, 0.000000, 0.461554, 0.461554, 0.461554
0.461554, 0.461554, 0.461554, 0.461554, 0.461554, 0.461554, 0.486661, 1.098477, 6.477153, 8.250193, 5.558890, 0.203235, 0.000000, 0.000000, 0.000000, 0.000000, 0.000000, 0.000000, 0.000000, 0.000000, 0.000000, 0.000000, 0.000000, 0.000000, 0.000000, 0.000000, 0.158745, 0.000000, 0.000000, 0.000000, 0.000000, 0.000000, 0.000000, 0.000000, 0.000000, 0.000000, 0.000000, 0.292405, 0.461554, 0.461554
0.461554, 0.461554, 0.461554, 0.461554, 0.461554, 0.446348, 1.211488, 3.654215, 8.817541, 6.998266, 2.029682, 0.000000, 0.000000, 0.000000, 0.000000, 0.000000, 0.000000, 0.000000, 0.000000, 0.000000, 0.000000, 0.000000, 0.000000, 0.000000, 0.000000, 0.000000, 0.000000, 0.000000, 0.000000, 0.000000, 0.000000, 0.000000, 0.000000, 0.000000, 0.000000, 0.000000, 0.000000, 0.126744, 0.461554, 0.461554
0.461554, 0.461554, 0.461554, 0.461554, 0.461554, 0.512123, 2.455203, 9.199673, 12.051682, 4.716331, 0.000000, 0.000000, 0.000000, 0.000000, 0.000000, 0.000000, 0.000000, 0.000000, 0.000000, 0.000000, 0.000000, 0.000000, 0.000000, 0.000000, 0.000000, 0.000000, 0.493491, 0.000000, 0.000000, 0.000000, 0.000000, 0.000000, 0.000000, 0.000000, 0.000000, 0.000000, 0.000000, 0.253698, 0.461554, 0.461554
0.461554, 0.461554, 0.461554, 0.461554, 0.461554, 0.707988, 3.601561, 14.245491, 15.239892, 3.976215, 0.000000, 0.000000, 0.000000, 0.000000, 0.000000, 0.000000, 0.000000, 0.000000, 0.000000, 0.000000, 0.000000, 0.000000, 1.711807, 3.106896, 3.545126, 6.817988, 7.097517, 3.539179, 4.476315, 6.403471, 2.893273, 0.000000, 0.000000, 0.000000, 0.000000, 0.000000, 0.000000, 0.373675, 0.461554, 0.461554
0.461554, 0.461554, 0.461554, 0.461554, 0.461554, 0.822871, 4.391561, 16.657440, 17.085690, 3.142586, 0.000000, 0.000000, 0.000000, 0.000000, 0.000000, 4.046731, 3.004217, 0.000000, 0.000000, 0.000000, 0.000000, 0.839599, 6.257752, 8.951664, 8.018611, 13.224185, 13.237937, 8.606071, 9.851009, 10.174343, 4.572541, 0.000000, 0.000000, 0.000000, 0.000000, 0.000000, 0.000000, 0.415871, 0.461554, 0.461554
0.461554, 0.461554, 0.461554, 0.461554, 0.461554, 0.807665, 4.610341, 17.214481, 17.136713, 1.996234, 0.000000, 0.000000, 0.000000, 0.000000, 0.000000, 0.896269, 0.366021, 0.000000, 0.000000, 0.000000, 0.000000, 0.000000, 1.760607, 1.463364, 0.377079, 4.531073, 4.026739, 2.166601, 4.260993, 2.519276, 0.466968, 0.000000, 0.000000, 0.000000, 0.000000, 0.000000, 0.000000, 0.461554, 0.461554, 0.461554
0.461554, 0.461554, 0.461554, 0.461554, 0.461554, 0.903853, 4.854363, 18.059446, 17.753052, 5.652044, 0.000000, 0.000000, 0.000000, 0.000000, 0.000000, 0.000000, 0.000000, 0.000000, 0.000000, 0.000000, 0.000000, 0.000000, 0.000000, 0.000000, 0.000000, 0.000000, 0.000000, 0.000000, 0.000000, 0.000000, 0.000000, 0.000000, 0.000000, 0.000000, 0.000000, 0.000000, 0.327992, 0.461554, 0.461554, 0.461554
0.461554, 0.461554, 0.461554, 0.461554, 0.461554, 0.968167, 4.773517, 18.030935, 20.253082, 12.276901, 3.953784, 0.000000, 0.000000, 0.000000, 0.000000, 0.000000, 0.000000, 0.000000, 0.000000, 0.000000, 0.000000, 0.000000, 0.000000, 0.000000, 0.000000, 0.000000, 0.000000, 0.000000, 0.000000, 0.000000, 0.000000, 0.000000, 0.000000, 0.000000, 0.000000, 0.290245, 0.415871, 0.461554, 0.461554, 0.461554
0.461554, 0.461554, 0.461554, 0.461554, 0.461554, 0.691320, 3.254133, 12.665510, 18.815136, 18.737608, 9.855448, 1.818266, 0.000000, 0.000000, 0.000000, 0.000000, 0.000000, 0.000000, 0.000000, 0.000000, 0.000000, 0.000000, 0.000000, 0.000000, 0.000000, 0.000000, 0.000000, 0.000000, 0.000000, 0.000000, 0.000000, 0.000000, 0.000000, 0.000000, 0.000000, 0.415871, 0.461554, 0.461554, 0.461554, 0.461554
0.461554, 0.461554, 0.461554, 0.461554, 0.461554, 0.461554, 1.542583, 6.042798, 14.724259, 20.411324, 16.028883, 9.307005, 5.831910, 3.257655, 0.949113, 0.000000, 0.000000, 0.000000, 0.000000, 0.000000, 0.000000, 0.000000, 0.000000, 1.336056, 1.393457, 1.419650, 0.159656, 0.000000, 0.705393, 2.659226, 1.085593, 0.000000, 0.000000, 0.019633, 0.415871, 0.461554, 0.461554, 0.461554, 0.461554, 0.461554
0.461554, 0.461554, 0.461554, 0.461554, 0.461554, 0.461554, 0.691320, 1.602743, 8.363319, 15.715236, 18.309828, 17.235182, 15.578650, 11.818193, 7.552861, 3.087087, 1.035181, 0.030749, 0.000000, 0.000000, 0.000000, 2.426886, 5.443570, 7.515301, 7.510414, 7.294399, 4.414208, 0.866489, 0.171391, 1.516663, 0.438969, 0.000000, 0.069765, 0.370187, 0.461554, 0.461554, 0.461554, 0.461554, 0.461554, 0.461554
0.461554, 0.461554, 0.461554, 0.461554, 0.461554, 0.461554, 0.461554, 0.461554, 3.069966, 7.459354, 10.277249, 13.125682, 15.088671, 16.095917, 15.198179, 14.074787, 12.923583, 12.638312, 12.099827, 9.902793, 8.419605, 8.172911, 9.866037, 10.524455, 10.262815, 9.416225, 5.461751, 1.229533, 0.835348, 0.452735, 0.129477, 0.195390, 0.415871, 0.461554, 0.461554, 0.461554, 0.461554, 0.461554, 0.461554, 0.461554
0.461554, 0.461554, 0.461554, 0.461554, 0.461554, 0.461554, 0.461554, 0.461554, 0.576437, 1.170572, 2.138593, 5.295970, 9.175110, 12.498129, 13.913768, 13.899343, 13.597387, 13.326777, 12.786262, 10.576645, 7.878847, 6.376089, 6.613571, 7.200479, 6.889731, 6.098150, 2.903026, 0.000000, 0.000000, 0.415871, 0.461554, 0.461554, 0.461554, 0.461554, 0.461554, 0.461554, 0.461554, 0.461554, 0.461554, 0.461554
0.461554, 0.461554, 0.461554, 0.461554, 0.461554, 0.461554, 0.461554, 0.461554, 0.461554, 0.576437, 0.744941, 1.327293, 2.124127, 2.738227, 3.122561, 3.169888, 3.086457, 3.040774, 2.925891, 2.527621, 1.952911, 1.645714, 1.721207, 1.812574, 1.697691, 1.529187, 0.946835, 0.264884, 0.278820, 0.461554, 0.461554, 0.461554, 0.461554, 0.461554, 0.461554, 0.461554, 0.461554, 0.461554, 0.461554, 0.461554
0.461554, 0.461554, 0.461554, 0.461554, 0.461554, 0.461554, 0.461554, 0.461554, 0.461554, 0.461554, 0.461554, 0.461554, 0.461554, 0.461554, 0.461554, 0.461554, 0.461554, 0.461554, 0.461554, 0.461554, 0.461554, 0.461554, 0.461554, 0.461554, 0.461554, 0.461554, 0.461554, 0.461554, 0.461554, 0.461554, 0.461554, 0.461554, 0.461554, 0.461554, 0.461554, 0.461554, 0.461554, 0.461554, 0.461554, 0.461554
0.461554, 0.461554, 0.461554, 0.461554, 0.461554, 0.461554, 0.461554, 0.461554, 0.461554, 0.461554, 0.461554, 0.461554, 0.461554, 0.461554, 0.461554, 0.461554, 0.461554, 0.461554, 0.461554, 0.461554, 0.461554, 0.461554, 0.461554, 0.461554, 0.461554, 0.461554, 0.461554, 0.461554, 0.461554, 0.461554, 0.461554, 0.461554, 0.461554, 0.461554, 0.461554, 0.461554, 0.461554, 0.461554, 0.461554, 0.461554
0.461554, 0.461554, 0.461554, 0.461554, 0.461554, 0.461554, 0.461554, 0.461554, 0.461554, 0.461554, 0.461554, 0.461554, 0.461554, 0.461554, 0.461554, 0.461554, 0.461554, 0.461554, 0.461554, 0.461554, 0.461554, 0.461554, 0.461554, 0.461554, 0.461554, 0.461554, 0.461554, 0.461554, 0.461554, 0.461554, 0.461554, 0.461554, 0.461554, 0.461554, 0.461554, 0.461554, 0.461554, 0.461554, 0.461554, 0.461554
0.461554, 0.461554, 0.461554, 0.461554, 0.461554, 0.461554, 0.461554, 0.461554, 0.461554, 0.461554, 0.461554, 0.461554, 0.461554, 0.461554, 0.461554, 0.461554, 0.461554, 0.461554, 0.461554, 0.461554, 0.461554, 0.461554, 0.461554, 0.461554, 0.461554, 0.461554, 0.461554, 0.461554, 0.461554, 0.461554, 0.461554, 0.461554, 0.461554, 0.461554, 0.461554, 0.461554, 0.461554, 0.461554, 0.461554, 0.461554
0.461554, 0.461554, 0.461554, 0.461554, 0.461554, 0.461554, 0.461554, 0.461554, 0.461554, 0.461554, 0.461554, 0.461554, 0.461554, 0.461554, 0.461554, 0.461554, 0.461554, 0.461554, 0.461554, 0.461554, 0.461554, 0.461554, 0.461554, 0.461554, 0.461554, 0.461554, 0.461554, 0.461554, 0.461554, 0.461554, 0.461554, 0.461554, 0.461554, 0.461554, 0.461554, 0.461554, 0.461554, 0.461554, 0.461554, 0.461554
0.461554, 0.461554, 0.461554, 0.461554, 0.461554, 0.461554, 0.461554, 0.461554, 0.461554, 0.461554, 0.461554, 0.461554, 0.461554, 0.461554, 0.461554, 0.461554, 0.461554, 0.461554, 0.461554, 0.461554, 0.461554, 0.461554, 0.461554, 0.461554, 0.461554, 0.461554, 0.461554, 0.461554, 0.461554, 0.461554, 0.461554, 0.461554, 0.461554, 0.461554, 0.461554, 0.461554, 0.461554, 0.461554, 0.461554, 0.461554

Channel 3:
0.000000, 0.000000, 0.000000, 0.000000, 0.000000, 0.000000, 0.000000, 0.000000, 0.000000, 0.000000, 0.000000, 0.000000, 0.000000, 0.000000, 0.000000, 0.000000, 0.000000, 0.000000, 0.000000, 0.000000, 0.000000, 0.000000, 0.000000, 0.000000, 0.000000, 0.000000, 0.000000, 0.000000, 0.000000, 0.000000, 0.000000, 0.254466, 0.191754, 0.000000, 0.000000, 0.000000, 0.000000, 0.000000, 0.000000, 0.000000
0.000000, 0.000000, 0.000000, 0.000000, 0.000000, 0.000000, 0.000000, 0.000000, 0.000000, 0.000000, 0.000000, 0.000000, 0.000000, 0.000000, 0.000000, 0.000000, 0.000000, 0.000000, 0.000000, 0.000000, 0.000000, 0.000000, 0.000000, 0.000000, 0.000000, 0.000000, 0.000000, 0.000000, 0.000000, 0.000000, 0.000000, 1.713595, 1.380217, 0.239546, 0.000000, 0.000000, 0.000000, 0.000000, 0.000000, 0.000000
0.000000, 0.000000, 0.000000, 0.000000, 0.000000, 0.000000, 0.000000, 0.000000, 0.000000, 0.000000, 0.000000, 0.000000, 0.000000, 0.000000, 0.000000, 0.000000, 0.000000, 0.000000, 0.000000, 0.000000, 0.000000, 0.000000, 0.000000, 0.000000, 0.000000, 0.000000, 0.000000, 0.000000, 0.000000, 0.000000, 1.472314, 5.685435, 3.961036, 0.717181, 0.000000, 0.000000, 0.000000, 0.000000, 0.000000, 0.000000
0.000000, 0.000000, 0.000000, 0.000000, 0.000000, 0.000000, 0.000000, 0.000000, 0.000000, 0.000000, 0.000000, 0.000000, 0.000000, 0.000000, 0.000000, 0.000000, 0.000000, 0.000000, 0.000000, 0.000000, 0.000000, 0.000000, 0.000000, 0.000000, 0.000000, 0.000000, 0.000000, 0.000000, 0.000000, 3.994602, 11.690981, 14.722180, 8.969187, 1.705799, 0.000000, 0.000000, 0.000000, 0.000000, 0.000000, 0.000000
0.000000, 0.000000, 0.000000, 0.000000, 0.000000, 0.000000, 0.000000, 0.000000, 0.000000, 0.000000, 0.000000, 0.000000, 0.000000, 0.000000, 0.000000, 0.000000, 0.000000, 0.000000, 0.000000, 0.000000, 0.000000, 0.000000, 0.000000, 0.000000, 0.000000, 0.000000, 0.000000, 0.000000, 0.057599, 11.639003, 18.553122, 18.917744, 10.962905, 2.045048, 0.000000, 0.000000, 0.000000, 0.000000, 0.000000, 0.000000
0.000000, 0.000000, 0.000000, 0.000000, 0.000000, 0.000000, 0.000000, 0.000000, 0.000000, 0.000000, 0.000000, 0.000000, 0.000000, 0.000000, 0.000000, 0.000000, 0.000000, 0.000000, 0.000000, 0.000000, 0.000000, 0.000000, 0.000000, 0.000000, 0.000000, 0.000000, 0.000000, 3.650374, 9.712683, 14.780340, 17.784691, 16.765497, 9.972486, 1.869594, 0.000000, 0.000000, 0.000000, 0.000000, 0.000000, 0.000000
0.000000, 0.000000, 0.000000, 0.000000, 0.000000, 0.000000, 0.000000, 0.000000, 0.000000, 0.000000, 0.000000, 0.000000, 0.000000, 0.000000, 0.000000, 0.000000, 0.000000, 0.000000, 0.000000, 0.000000, 0.000000, 0.000000, 0.000000, 0.000000, 0.000000, 0.000000, 6.035390, 12.164597, 17.252331, 17.828276, 13.587493, 8.228638, 2.933189, 0.448276, 0.000000, 0.000000, 0.000000, 0.000000, 0.000000, 0.000000
0.000000, 0.000000, 0.000000, 0.000000, 0.000000, 0.000000, 0.000000, 0.000000, 0.000000, 0.000000, 0.000000, 0.000000, 0.000000, 0.000000, 0.000000, 0.000000, 0.000000, 0.000000, 0.000000, 0.000000, 0.000000, 0.000000, 0.000000, 0.000000, 0.865233, 10.055428, 15.471537, 16.234785, 14.557111, 10.762593, 6.384262, 3.006673, 0.616147, 0.000000, 0.000000, 0.000000, 0.000000, 0.000000, 0.000000, 0.000000
0.000000, 0.000000, 0.000000, 0.000000, 0.000000, 0.000000, 0.000000, 0.000000, 0.000000, 0.000000, 0.000000, 0.000000, 0.000000, 0.000000, 0.000000, 0.000000, 0.000000, 0.000000, 0.000000, 0.000000, 0.000000, 0.000000, 0.000000, 2.200780, 9.097899, 16.379223, 18.131561, 14.973692, 9.562310, 3.802903, 0.642264, 0.000000, 0.000000, 0.000000, 0.000000, 0.000000, 0.000000, 0.000000, 0.000000, 0.000000
0.000000, 0.000000, 0.000000, 0.000000, 0.000000, 0.000000, 0.000000, 0.000000, 0.000000, 0.000000, 0.000000, 0.000000, 0.000000, 0.000000, 0.000000, 0.000000, 0.000000, 0.000000, 0.000000, 0.000000, 0.000000, 0.000000, 0.646456, 9.433446, 17.547903, 20.369282, 15.444852, 6.686100, 2.639750, 0.626231, 0.112535, 0.000000, 0.000000, 0.000000, 0.000000, 0.000000, 0.000000, 0.000000, 0.000000, 0.000000
0.000000, 0.000000, 0.000000, 0.000000, 0.000000, 0.000000, 0.000000, 0.000000, 0.000000, 0.000000, 0.000000, 0.000000, 0.000000, 0.000000, 0.000000, 0.000000, 0.000000, 0.000000, 0.000000, 0.000000, 0.000000, 0.000000, 10.086516, 18.225636, 19.458260, 14.904338, 7.921171, 2.351224, 0.448276, 0.000000, 0.000000, 0.000000, 0.000000, 0.000000, 0.000000, 0.000000, 0.000000, 0.000000, 0.000000, 0.000000
0.000000, 0.000000, 0.000000, 0.000000, 0.000000, 0.000000, 0.000000, 0.000000, 0.000000, 0.000000, 0.000000, 0.000000, 0.000000, 0.000000, 0.000000, 0.000000, 0.000000, 0.000000, 0.000000, 0.000000, 0.000000, 4.678211, 16.659292, 21.411863, 17.051487, 8.255119, 1.323831, 0.112535, 0.000000, 0.000000, 0.000000, 0.000000, 0.000000, 0.000000, 0.000000, 0.000000, 0.000000, 0.000000, 0.000000, 0.000000
0.000000, 0.000000, 0.000000, 0.000000, 0.000000, 0.000000, 0.000000, 0.000000, 0.000000, 0.000000, 0.000000, 0.000000, 0.000000, 0.000000, 0.000000, 0.000000, 0.000000, 0.000000, 0.000000, 0.000000, 4.606741, 11.940578, 22.457567, 20.354374, 7.628358, 2.189302, 0.112535, 0.000000, 0.000000, 0.000000, 0.000000, 0.000000, 0.000000, 0.000000, 0.000000, 0.000000, 0.000000, 0.000000, 0.000000, 0.000000
0.000000, 0.000000, 0.000000, 0.000000, 0.000000, 0.000000, 0.000000, 0.000000, 0.000000, 0.000000, 0.000000, 0.000000, 0.000000, 0.000000, 0.000000, 0.000000, 0.000000, 0.000000, 0.000000, 3.239268, 11.772035, 17.789677, 19.103146, 13.030444, 3.188005, 0.280405, 0.000000, 0.000000, 0.000000, 0.000000, 0.000000, 0.000000, 0.000000, 0.000000, 0.000000, 0.000000, 0.000000, 0.000000, 0.000000, 0.000000
0.000000, 0.000000, 0.000000, 0.000000, 0.000000, 0.000000, 0.000000, 0.000000, 0.000000, 0.000000, 0.000000, 0.000000, 0.000000, 0.000000, 0.000000, 0.000000, 0.000000, 0.000000, 4.878220, 11.328675, 16.877586, 18.521330, 12.947014, 5.554013, 0.978006, 0.000000, 0.000000, 0.000000, 0.000000, 0.000000, 0.000000, 0.000000, 0.000000, 0.000000, 0.000000, 0.000000, 0.000000, 0.000000, 0.000000, 0.000000
0.000000, 0.000000, 0.000000, 0.000000, 0.000000, 0.000000, 0.000000, 0.000000, 0.000000, 0.000000, 0.000000, 0.000000, 0.000000, 0.000000, 0.000000, 0.000000, 0.000000, 4.793319, 14.714996, 18.050140, 18.573084, 15.139292, 7.222332, 0.961972, 0.112535, 0.000000, 0.000000, 0.000000, 0.000000, 0.000000, 0.000000, 0.000000, 0.000000, 0.000000, 0.000000, 0.000000, 0.000000, 0.000000, 0.000000, 0.000000
0.000000, 0.000000, 0.000000, 0.000000, 0.000000, 0.000000, 0.000000, 0.000000, 0.000000, 0.000000, 0.000000, 0.000000, 0.000000, 0.000000, 0.000000, 0.000000, 3.040580, 14.297369, 21.091507, 15.897745, 9.851170, 7.051030, 2.798465, 0.000000, 0.000000, 0.000000, 0.000000, 0.000000, 0.000000, 0.000000, 0.000000, 0.000000, 0.000000, 0.057372, 0.000000, 0.000000, 0.000000, 0.000000, 0.000000, 0.000000
0.000000, 0.000000, 0.000000, 0.000000, 0.000000, 0.000000, 0.000000, 0.000000, 0.000000, 0.000000, 0.000000, 0.000000, 0.000000, 0.000000, 0.000000, 0.000000, 10.490529, 20.225374, 22.543755, 11.854981, 2.031516, 0.280405, 0.000000, 0.000000, 0.000000, 0.000000, 0.000000, 0.000000, 0.000000, 0.000000, 0.000000, 0.000000, 0.000000, 1.233953, 1.063756, 0.146960, 0.000000, 0.000000, 0.000000, 0.000000
0.000000, 0.000000, 0.000000, 0.000000, 0.000000, 0.000000, 0.000000, 0.000000, 0.000000, 0.000000, 0.000000, 0.000000, 0.000000, 0.000000, 0.000000, 4.581507, 18.610481, 22.304365, 14.122304, 5.500260, 0.000000, 0.000000, 0.000000, 0.000000, 0.000000, 0.000000, 0.000000, 0.000000, 0.000000, 0.000000, 0.000000, 0.000000, 0.000000, 3.130668, 2.918145, 0.904713, 0.149958, 0.000000, 0.000000, 0.000000
0.000000, 0.000000, 0.000000, 0.000000, 0.000000, 0.000000, 0.000000, 0.000000, 0.000000, 0.000000, 0.000000, 0.000000, 0.000000, 1.763453, 6.645019, 11.567562, 20.958828, 19.453920, 7.757518, 1.296481, 0.000000, 0.000000, 0.000000, 0.000000, 0.000000, 0.000000, 0.000000, 0.000000, 0.000000, 0.000000, 0.000000, 0.000000, 0.627544, 8.192904, 8.276765, 3.690733, 0.754534, 0.000000, 0.000000, 0.000000
0.000000, 0.000000, 0.000000, 0.000000, 0.000000, 0.000000, 0.000000, 0.000000, 0.000000, 0.000000, 0.000000, 0.000000, 0.000000, 7.351349, 12.650429, 13.889927, 17.063671, 10.543319, 0.000000, 0.000000, 0.000000, 0.000000, 0.000000, 0.000000, 0.000000, 0.000000, 0.000000, 0.000000, 0.000000, 0.000000, 0.000000, 0.000000, 3.702833, 11.436106, 14.500659, 8.350772, 1.803765, 0.000000, 0.000000, 0.000000
0.000000, 0.000000, 0.000000, 0.000000, 0.000000, 0.000000, 0.000000, 0.000000, 0.000000, 0.000000, 0.000000, 0.000000, 0.000000, 14.688103, 17.785662, 10.060157, 5.336979, 0.000000, 0.000000, 0.000000, 0.000000, 0.000000, 0.000000, 0.000000, 0.000000, 0.000000, 0.000000, 0.000000, 0.000000, 0.000000, 0.000000, 0.000000, 0.000000, 6.748034, 19.322607, 15.972700, 3.533451, 0.060370, 0.000000, 0.000000
0.000000, 0.000000, 0.000000, 0.000000, 0.000000, 0.000000, 0.000000, 0.000000, 0.000000, 0.000000, 0.000000, 0.000000, 2.914524, 19.284313, 15.742488, 0.000000, 0.000000, 0.000000, 0.000000, 0.000000, 0.000000, 0.000000, 0.000000, 0.000000, 0.000000, 0.000000, 0.000000, 0.000000, 0.000000, 0.000000, 0.000000, 0.000000, 0.000000, 7.502748, 23.083132, 20.494894, 4.764158, 0.209564, 0.000000, 0.000000
0.000000, 0.000000, 0.000000, 0.000000, 0.000000, 0.000000, 0.000000, 0.000000, 0.000000, 0.000000, 0.000000, 0.000000, 3.603098, 19.061745, 10.939672, 0.000000, 0.000000, 0.000000, 0.000000, 0.000000, 0.000000, 0.000000, 0.710320, 3.822386, 4.926675, 0.610146, 0.734797, 3.051447, 0.000000, 0.000000, 0.000000, 0.000000, 1.131801, 11.248855, 24.487902, 21.180967, 4.932064, 0.306523, 0.000000, 0.000000
0.000000, 0.000000, 0.000000, 0.000000, 0.000000, 0.000000, 0.000000, 0.000000, 0.000000, 0.000000, 0.000000, 0.000000, 3.258209, 15.038651, 2.713156, 0.000000, 0.000000, 0.000000, 0.000000, 0.000000, 4.999023, 8.596153, 7.880824, 9.237744, 10.442384, 3.431259, 2.474877, 5.631164, 0.000000, 0.000000, 0.000000, 0.000000, 6.433022, 18.504196, 22.505058, 15.282125, 3.371979, 0.112535, 0.000000, 0.000000
0.000000, 0.000000, 0.000000, 0.000000, 0.000000, 0.000000, 0.000000, 0.000000, 0.000000, 0.000000, 0.000000, 0.000000, 0.179741, 7.156750, 0.000000, 0.000000, 0.000000, 0.000000, 0.000000, 6.600675, 11.483827, 9.939700, 5.008890, 3.066793, 3.194479, 0.000000, 0.000000, 0.000000, 0.000000, 0.000000, 0.000000, 0.000000, 13.428041, 22.971468, 18.255337, 8.668673, 1.746518, 0.000000, 0.000000, 0.000000
0.000000, 0.000000, 0.000000, 0.000000, 0.000000, 0.000000, 0.000000, 0.000000, 0.000000, 0.000000, 0.000000, 0.000000, 0.000000, 1.809893, 0.000000, 0.000000, 0.000000, 0.000000, 0.000000, 5.590461, 8.388937, 3.985359, 0.000000, 0.000000, 0.000000, 0.000000, 0.000000, 0.000000, 0.000000, 0.000000, 0.000000, 6.467856, 18.352938, 22.850424, 13.305153, 3.192248, 0.474394, 0.000000, 0.000000, 0.000000
0.000000, 0.000000, 0.000000, 0.000000, 0.000000, 0.000000, 0.000000, 0.000000, 0.000000, 0.000000, 0.000000, 0.000000, 0.000000, 0.000000, 0.000000, 0.000000, 0.000000, 0.000000, 0.000000, 2.695530, 1.800312, 0.000000, 0.000000, 0.000000, 0.000000, 0.000000, 0.000000, 0.000000, 0.000000, 0.000000, 6.945082, 16.792381, 20.420753, 16.058462, 7.303436, 0.820219, 0.112535, 0.000000, 0.000000, 0.000000
0.000000, 0.000000, 0.000000, 0.000000, 0.000000, 0.000000, 0.000000, 0.000000, 0.000000, 0.000000, 0.000000, 0.000000, 0.000000, 0.000000, 0.000000, 0.000000, 0.000000, 0.000000, 0.000000, 0.000000, 0.000000, 0.000000, 0.000000, 0.000000, 0.000000, 0.000000, 0.000000, 0.000000, 2.747056, 10.385729, 15.800914, 18.012524, 14.731338, 7.967985, 3.002537, 0.112535, 0.000000, 0.000000, 0.000000, 0.000000
0.000000, 0.000000, 0.000000, 0.000000, 0.000000, 0.000000, 0.000000, 0.000000, 0.000000, 0.000000, 0.000000, 0.000000, 0.000000, 0.000000, 0.000000, 0.000000, 0.000000, 0.000000, 0.000000, 0.000000, 0.000000, 0.000000, 0.000000, 0.000000, 0.000000, 0.000000, 3.778720, 9.230993, 12.208268, 14.489824, 16.323412, 14.328575, 8.208619, 1.853561, 0.112535, 0.000000, 0.000000, 0.000000, 0.000000, 0.000000
0.000000, 0.000000, 0.000000, 0.000000, 0.000000, 0.000000, 0.000000, 0.000000, 0.000000, 0.000000, 0.000000, 0.000000, 0.000000, 0.000000, 0.000000, 0.000000, 0.000000, 0.000000, 0.000000, 1.089369, 3.747326, 4.936395, 4.152887, 3.519409, 3.668818, 4.676047, 10.382285, 16.832623, 16.719614, 12.863065, 8.163272, 4.740000, 1.837528, 0.280405, 0.000000, 0.000000, 0.000000, 0.000000, 0.000000, 0.000000
0.000000, 0.000000, 0.000000, 0.000000, 0.000000, 0.000000, 0.000000, 0.000000, 0.000000, 0.000000, 0.000000, 0.000000, 0.000000, 0.000000, 1.895111, 4.910138, 6.831135, 7.536248, 8.027099, 9.987494, 11.357040, 10.348691, 7.745885, 5.973802, 6.290465, 7.036073, 10.606038, 13.633050, 10.607802, 5.932508, 2.927391, 1.129843, 0.112535, 0.000000, 0.000000, 0.000000, 0.000000, 0.000000, 0.000000, 0.000000
0.000000, 0.000000, 0.000000, 0.000000, 0.000000, 0.000000, 0.000000, 0.000000, 0.000000, 0.000000, 0.000000, 0.000000, 0.000000, 0.000000, 0.229717, 4.217247, 6.390830, 7.424170, 7.894638, 9.683565, 10.755191, 9.226976, 6.097055, 3.862501, 4.113898, 4.762990, 7.001289, 8.283239, 4.088114, 0.112535, 0.000000, 0.000000, 0.000000, 0.000000, 0.000000, 0.000000, 0.000000, 0.000000, 0.000000, 0.000000
0.000000, 0.000000, 0.000000, 0.000000, 0.000000, 0.000000, 0.000000, 0.000000, 0.000000, 0.000000, 0.000000, 0.000000, 0.000000, 0.000000, 0.000000, 0.699912, 1.213608, 1.381479, 1.491014, 1.809536, 2.049553, 1.724674, 1.033023, 0.697281, 0.806817, 0.906268, 1.275989, 1.495837, 0.616147, 0.000000, 0.000000, 0.000000, 0.000000, 0.000000, 0.000000, 0.000000, 0.000000, 0.000000, 0.000000, 0.000000
0.000000, 0.000000, 0.000000, 0.000000, 0.000000, 0.000000, 0.000000, 0.000000, 0.000000, 0.000000, 0.000000, 0.000000, 0.000000, 0.000000, 0.000000, 0.000000, 0.000000, 0.000000, 0.000000, 0.000000, 0.000000, 0.000000, 0.000000, 0.000000, 0.000000, 0.000000, 0.000000, 0.000000, 0.000000, 0.000000, 0.000000, 0.000000, 0.000000, 0.000000, 0.000000, 0.000000, 0.000000, 0.000000, 0.000000, 0.000000
0.000000, 0.000000, 0.000000, 0.000000, 0.000000, 0.000000, 0.000000, 0.000000, 0.000000, 0.000000, 0.000000, 0.000000, 0.000000, 0.000000, 0.000000, 0.000000, 0.000000, 0.000000, 0.000000, 0.000000, 0.000000, 0.000000, 0.000000, 0.000000, 0.000000, 0.000000, 0.000000, 0.000000, 0.000000, 0.000000, 0.000000, 0.000000, 0.000000, 0.000000, 0.000000, 0.000000, 0.000000, 0.000000, 0.000000, 0.000000
0.000000, 0.000000, 0.000000, 0.000000, 0.000000, 0.000000, 0.000000, 0.000000, 0.000000, 0.000000, 0.000000, 0.000000, 0.000000, 0.000000, 0.000000, 0.000000, 0.000000, 0.000000, 0.000000, 0.000000, 0.000000, 0.000000, 0.000000, 0.000000, 0.000000, 0.000000, 0.000000, 0.000000, 0.000000, 0.000000, 0.000000, 0.000000, 0.000000, 0.000000, 0.000000, 0.000000, 0.000000, 0.000000, 0.000000, 0.000000
0.000000, 0.000000, 0.000000, 0.000000, 0.000000, 0.000000, 0.000000, 0.000000, 0.000000, 0.000000, 0.000000, 0.000000, 0.000000, 0.000000, 0.000000, 0.000000, 0.000000, 0.000000, 0.000000, 0.000000, 0.000000, 0.000000, 0.000000, 0.000000, 0.000000, 0.000000, 0.000000, 0.000000, 0.000000, 0.000000, 0.000000, 0.000000, 0.000000, 0.000000, 0.000000, 0.000000, 0.000000, 0.000000, 0.000000, 0.000000
0.000000, 0.000000, 0.000000, 0.000000, 0.000000, 0.000000, 0.000000, 0.000000, 0.000000, 0.000000, 0.000000, 0.000000, 0.000000, 0.000000, 0.000000, 0.000000, 0.000000, 0.000000, 0.000000, 0.000000, 0.000000, 0.000000, 0.000000, 0.000000, 0.000000, 0.000000, 0.000000, 0.000000, 0.000000, 0.000000, 0.000000, 0.000000, 0.000000, 0.000000, 0.000000, 0.000000, 0.000000, 0.000000, 0.000000, 0.000000
0.000000, 0.000000, 0.000000, 0.000000, 0.000000, 0.000000, 0.000000, 0.000000, 0.000000, 0.000000, 0.000000, 0.000000, 0.000000, 0.000000, 0.000000, 0.000000, 0.000000, 0.000000, 0.000000, 0.000000, 0.000000, 0.000000, 0.000000, 0.000000, 0.000000, 0.000000, 0.000000, 0.000000, 0.000000, 0.000000, 0.000000, 0.000000, 0.000000, 0.000000, 0.000000, 0.000000, 0.000000, 0.000000, 0.000000, 0.000000

Channel 4:
0.363431, 0.363431, 0.363431, 0.363431, 0.363431, 0.363431, 0.363431, 0.363431, 0.363431, 0.363431, 0.363431, 0.363431, 0.363431, 0.363431, 0.363431, 0.363431, 0.363431, 0.363431, 0.363431, 0.363431, 0.363431, 0.363431, 0.363431, 0.363431, 0.274935, 0.000000, 0.000000, 0.000000, 0.000000, 0.000000, 0.000000, 0.000000, 0.000000, 0.225901, 0.363431, 0.363431, 0.363431, 0.363431, 0.363431, 0.363431
0.363431, 0.363431, 0.363431, 0.363431, 0.363431, 0.363431, 0.363431, 0.363431, 0.363431, 0.363431, 0.363431, 0.363431, 0.363431, 0.363431, 0.363431, 0.363431, 0.363431, 0.363431, 0.363431, 0.363431, 0.363431, 0.363431, 0.363431, 0.319183, 0.000000, 0.000000, 0.000000, 0.000000, 0.000000, 0.000000, 0.000000, 0.000000, 0.000000, 0.000000, 0.363431, 0.363431, 0.363431, 0.363431, 0.363431, 0.363431
0.363431, 0.363431, 0.363431, 0.363431, 0.363431, 0.363431, 0.363431, 0.363431, 0.363431, 0.363431, 0.363431, 0.363431, 0.363431, 0.363431, 0.363431, 0.363431, 0.363431, 0.363431, 0.363431, 0.363431, 0.319183, 0.076957, 0.000000, 0.000000, 0.000000, 0.000000, 0.000000, 0.000000, 0.000000, 0.000000, 0.000000, 0.000000, 0.000000, 0.000000, 0.363431, 0.363431, 0.363431, 0.363431, 0.363431, 0.363431
0.363431, 0.363431, 0.363431, 0.363431, 0.363431, 0.363431, 0.363431, 0.363431, 0.363431, 0.363431, 0.363431, 0.363431, 0.363431, 0.363431, 0.363431, 0.363431, 0.363431, 0.363431, 0.274935, 0.011722, 0.000000, 0.000000, 0.000000, 0.000000, 0.000000, 0.000000, 0.000000, 0.000000, 0.000000, 0.000000, 0.000000, 0.000000, 0.000000, 0.000000, 0.363431, 0.363431, 0.363431, 0.363431, 0.363431, 0.363431
0.363431, 0.363431, 0.363431, 0.363431, 0.363431, 0.363431, 0.363431, 0.363431, 0.363431, 0.363431, 0.363431, 0.363431, 0.363431, 0.363431, 0.363431, 0.363431, 0.363431, 0.230687, 0.000000, 0.000000, 0.000000, 0.000000, 0.000000, 0.000000, 0.000000, 0.000000, 0.000000, 0.000000, 0.000000, 0.158727, 4.319875, 4.999321, 4.114312, 1.135592, 0.363431, 0.363431, 0.363431, 0.363431, 0.363431, 0.363431
0.363431, 0.363431, 0.363431, 0.363431, 0.363431, 0.363431, 0.363431, 0.363431, 0.363431, 0.363431, 0.363431, 0.363431, 0.363431, 0.363431, 0.142191, 0.000000, 0.000000, 0.000000, 0.000000, 0.000000, 0.000000, 0.000000, 0.000000, 0.000000, 0.000000, 0.000000, 0.000000, 0.421295, 6.839839, 11.515193, 14.669796, 11.400367, 7.522538, 1.888297, 0.363431, 0.363431, 0.363431, 0.363431, 0.363431, 0.363431
0.363431, 0.363431, 0.363431, 0.363431, 0.363431, 0.363431, 0.363431, 0.363431, 0.363431, 0.363431, 0.363431, 0.274935, 0.100218, 0.000000, 0.000000, 0.000000, 0.000000, 0.000000, 0.000000, 0.000000, 0.000000, 0.000000, 0.000000, 0.000000, 0.000000, 0.000000, 2.497202, 9.432340, 14.600031, 16.570927, 12.547677, 7.244959, 2.775801, 0.799231, 0.363431, 0.363431, 0.363431, 0.363431, 0.363431, 0.363431
0.363431, 0.363431, 0.363431, 0.363431, 0.363431, 0.363431, 0.363431, 0.363431, 0.363431, 0.363431, 0.363431, 0.000000, 0.000000, 0.000000, 0.000000, 0.000000, 0.000000, 0.000000, 0.000000, 0.000000, 0.000000, 0.000000, 0.000000, 0.000000, 0.000000, 2.961444, 8.559223, 15.248286, 14.764597, 11.482227, 6.412691, 3.031912, 0.944498, 0.363431, 0.363431, 0.363431, 0.363431, 0.363431, 0.363431, 0.363431
0.363431, 0.363431, 0.363431, 0.363431, 0.363431, 0.363431, 0.363431, 0.363431, 0.363431, 0.363431, 0.363431, 0.000000, 0.000000, 0.000000, 0.000000, 0.000000, 0.000000, 0.000000, 0.000000, 0.000000, 0.000000, 0.000000, 0.000000, 0.000000, 2.684670, 9.762858, 13.270041, 13.005077, 8.146538, 3.510885, 0.920142, 0.363431, 0.363431, 0.363431, 0.363431, 0.363431, 0.363431, 0.363431, 0.363431, 0.363431
0.363431, 0.363431, 0.363431, 0.363431, 0.363431, 0.363431, 0.363431, 0.363431, 0.363431, 0.363431, 0.363431, 0.672881, 1.353135, 3.344374, 6.038658, 9.409519, 9.101157, 7.122264, 0.531331, 0.000000, 0.000000, 0.000000, 0.000000, 2.536005, 8.781949, 12.200408, 12.964217, 6.128281, 2.762623, 0.957918, 0.508698, 0.363431, 0.363431, 0.363431, 0.363431, 0.363431, 0.363431, 0.363431, 0.363431, 0.363431
0.363431, 0.363431, 0.363431, 0.363431, 0.363431, 0.363431, 0.363431, 0.363431, 0.363431, 0.363431, 0.363431, 0.849354, 1.906947, 5.062099, 7.535682, 10.457242, 7.052603, 2.528533, 0.000000, 0.000000, 0.000000, 0.000000, 1.102566, 5.632482, 13.748322, 11.467898, 7.324738, 2.413069, 0.799231, 0.363431, 0.363431, 0.363431, 0.363431, 0.363431, 0.363431, 0.363431, 0.363431, 0.363431, 0.363431, 0.363431
0.363431, 0.363431, 0.363431, 0.363431, 0.363431, 0.363431, 0.363431, 0.363431, 0.363431, 0.363431, 0.363431, 0.646369, 1.003585, 2.026517, 0.761451, 0.000000, 0.000000, 0.000000, 0.000000, 0.000000, 0.000000, 0.402739, 7.112940, 9.533893, 11.478301, 6.796281, 1.514629, 0.508698, 0.363431, 0.363431, 0.363431, 0.363431, 0.363431, 0.363431, 0.363431, 0.363431, 0.363431, 0.363431, 0.363431, 0.363431
0.363431, 0.363431, 0.363431, 0.363431, 0.363431, 0.363431, 0.363431, 0.363431, 0.363431, 0.363431, 0.363431, 0.230687, 0.000000, 0.000000, 0.000000, 0.000000, 0.000000, 0.000000, 0.000000, 0.000000, 1.039058, 6.128597, 9.747003, 11.226855, 5.315211, 2.216606, 0.508698, 0.363431, 0.363431, 0.363431, 0.363431, 0.363431, 0.363431, 0.363431, 0.363431, 0.363431, 0.363431, 0.363431, 0.363431, 0.363431
0.363431, 0.363431, 0.363431, 0.363431, 0.363431, 0.363431, 0.363431, 0.363431, 0.363431, 0.363431, 0.363431, 0.000000, 0.000000, 0.000000, 0.000000, 0.000000, 0.000000, 0.000000, 0.000000, 0.000000, 2.125514, 8.182757, 9.432200, 9.453975, 2.721406, 0.653964, 0.363431, 0.363431, 0.363431, 0.363431, 0.363431, 0.363431, 0.363431, 0.363431, 0.363431, 0.363431, 0.363431, 0.363431, 0.363431, 0.363431
0.363431, 0.363431, 0.363431, 0.363431, 0.363431, 0.363431, 0.363431, 0.363431, 0.363431, 0.186439, 0.000000, 0.000000, 0.000000, 0.000000, 0.000000, 0.000000, 0.000000, 0.000000, 0.000000, 4.675675, 9.527419, 10.554141, 7.814170, 4.941680, 1.210675, 0.363431, 0.363431, 0.363431, 0.363431, 0.363431, 0.363431, 0.363431, 0.363431, 0.363431, 0.363431, 0.363431, 0.363431, 0.363431, 0.363431, 0.363431
0.363431, 0.363431, 0.363431, 0.363431, 0.363431, 0.363431, 0.363431, 0.363431, 0.186439, 0.000000, 0.000000, 0.000000, 0.000000, 0.000000, 0.000000, 0.000000, 0.000000, 0.142646, 6.510786, 13.977386, 18.031139, 12.183623, 6.080148, 1.248451, 0.508698, 0.363431, 0.363431, 0.319183, 0.298196, 0.160666, 0.160666, 0.204914, 0.225901, 0.363431, 0.363431, 0.363431, 0.363431, 0.363431, 0.363431, 0.363431
0.363431, 0.363431, 0.363431, 0.363431, 0.363431, 0.363431, 0.363431, 0.363431, 0.000000, 0.000000, 0.000000, 0.000000, 0.000000, 0.000000, 0.000000, 0.000000, 0.000000, 3.662876, 11.830000, 13.471907, 11.382634, 6.498796, 2.832965, 0.363431, 0.363431, 0.319183, 0.209700, 0.000000, 0.000000, 0.000000, 0.000000, 0.000000, 0.000000, 0.000000, 0.225901, 0.363431, 0.363431, 0.363431, 0.363431, 0.363431
0.363431, 0.363431, 0.363431, 0.363431, 0.363431, 0.363431, 0.363431, 0.363431, 0.000000, 0.000000, 0.000000, 0.000000, 0.000000, 0.000000, 0.000000, 0.000000, 3.001371, 5.715187, 11.144528, 7.312631, 2.084760, 0.653964, 0.363431, 0.274935, 0.000000, 0.000000, 0.000000, 0.000000, 0.000000, 0.000000, 0.000000, 0.000000, 0.000000, 0.000000, 0.000000, 0.000000, 0.225901, 0.363431, 0.363431, 0.363431
0.363431, 0.363431, 0.363431, 0.363431, 0.363431, 0.363431, 0.363431, 0.274935, 0.000000, 0.000000, 0.000000, 0.000000, 0.000000, 0.000000, 0.000000, 0.241381, 4.648298, 6.703886, 7.409144, 4.120073, 0.544482, 0.000000, 0.000000, 0.000000, 0.000000, 0.000000, 0.000000, 0.000000, 0.000000, 0.000000, 0.000000, 0.000000, 0.000000, 0.000000, 0.000000, 0.000000, 0.000000, 0.363431, 0.363431, 0.363431
0.363431, 0.363431, 0.363431, 0.363431, 0.363431, 0.363431, 0.274935, 0.000000, 0.000000, 0.000000, 0.000000, 0.000000, 0.000000, 0.000000, 1.609134, 7.679544, 9.617578, 9.428687, 4.848208, 1.834267, 0.000000, 0.000000, 0.000000, 0.000000, 0.000000, 0.000000, 0.000000, 0.000000, 0.000000, 0.000000, 0.000000, 0.000000, 0.000000, 0.000000, 0.000000, 0.000000, 0.000000, 0.363431, 0.363431, 0.363431
0.363431, 0.363431, 0.363431, 0.363431, 0.363431, 0.363431, 0.000000, 0.000000, 0.000000, 0.000000, 0.000000, 0.000000, 0.000000, 0.907862, 5.262189, 12.127610, 10.625419, 7.004514, 0.000000, 0.000000, 0.000000, 0.000000, 0.000000, 0.000000, 0.000000, 0.000000, 0.000000, 0.000000, 0.000000, 0.000000, 0.000000, 0.000000, 0.000000, 0.000000, 0.000000, 0.000000, 0.000000, 0.225901, 0.363431, 0.363431
0.363431, 0.363431, 0.363431, 0.363431, 0.363431, 0.319183, 0.000000, 0.000000, 0.000000, 0.000000, 0.000000, 0.000000, 0.000000, 0.689000, 3.690197, 7.504560, 3.596186, 0.000000, 0.000000, 0.000000, 0.000000, 0.000000, 0.000000, 0.000000, 0.000000, 0.000000, 0.000000, 0.000000, 0.000000, 0.000000, 0.000000, 0.000000, 0.000000, 0.000000, 0.000000, 0.000000, 0.000000, 0.064014, 0.363431, 0.363431
0.363431, 0.363431, 0.363431, 0.363431, 0.363431, 0.216847, 0.000000, 0.000000, 0.000000, 0.000000, 0.000000, 0.000000, 0.000000, 0.878286, 1.618941, 0.698501, 0.000000, 0.000000, 0.000000, 0.000000, 0.000000, 0.000000, 0.000000, 0.000000, 0.000000, 0.000000, 0.000000, 0.000000, 0.000000, 0.000000, 0.000000, 0.000000, 0.000000, 0.000000, 0.000000, 0.000000, 0.191770, 0.322456, 0.363431, 0.363431
0.363431, 0.363431, 0.363431, 0.363431, 0.363431, 0.253071, 0.000000, 0.000000, 0.000000, 0.000000, 0.000000, 0.000000, 0.000000, 0.000000, 0.000000, 0.000000, 0.000000, 0.000000, 0.000000, 0.000000, 0.000000, 0.000000, 2.228057, 6.794720, 7.969676, 8.138865, 9.250212, 7.359636, 6.896002, 5.544412, 0.704163, 0.000000, 0.000000, 0.411543, 3.817036, 6.830370, 2.058292, 0.629609, 0.363431, 0.363431
0.363431, 0.363431, 0.363431, 0.363431, 0.363431, 0.347383, 0.000000, 0.000000, 0.000000, 0.000000, 0.000000, 0.000000, 0.000000, 0.000000, 0.000000, 0.000000, 0.000000, 0.000000, 0.000000, 0.000000, 1.255056, 8.844936, 14.942317, 19.337084, 19.548506, 19.482946, 18.946560, 17.244841, 12.386558, 7.338577, 0.000000, 0.000000, 0.000000, 2.802512, 6.070294, 8.300172, 2.335502, 0.508698, 0.363431, 0.363431
0.363431, 0.363431, 0.363431, 0.363431, 0.363431, 0.303135, 0.000678, 0.000000, 0.000000, 0.000000, 0.000000, 0.000000, 0.000000, 0.000000, 0.000000, 0.000000, 0.000000, 0.000000, 0.000000, 0.000000, 2.763962, 9.129881, 9.765331, 8.657738, 7.737128, 6.927465, 4.138430, 2.540117, 0.000000, 0.000000, 0.000000, 0.000000, 1.510118, 7.307354, 7.429760, 6.164112, 1.605500, 0.363431, 0.363431, 0.363431
0.363431, 0.363431, 0.363431, 0.363431, 0.363431, 0.289295, 0.196712, 0.000000, 0.000000, 0.000000, 0.000000, 0.000000, 0.000000, 0.000000, 0.000000, 0.000000, 0.000000, 0.000000, 0.000000, 0.000000, 0.000000, 0.000000, 0.000000, 0.000000, 0.000000, 0.000000, 0.000000, 0.000000, 0.000000, 0.000000, 0.000000, 1.748169, 7.391847, 10.965471, 7.334769, 2.754512, 0.774875, 0.363431, 0.363431, 0.363431
0.363431, 0.363431, 0.363431, 0.363431, 0.363431, 0.530192, 1.446902, 4.413263, 4.583183, 6.775593, 2.069277, 0.000000, 0.000000, 0.000000, 0.000000, 0.000000, 0.000000, 0.000000, 0.000000, 0.000000, 0.000000, 0.000000, 0.000000, 0.000000, 0.000000, 0.000000, 0.000000, 0.000000, 0.000000, 0.000000, 2.348019, 9.224134, 12.423044, 10.960902, 5.900172, 1.078829, 0.508698, 0.363431, 0.363431, 0.363431
0.363431, 0.363431, 0.363431, 0.363431, 0.363431, 0.552056, 1.534695, 5.356493, 6.412319, 10.027750, 5.727797, 0.119158, 0.000000, 0.000000, 0.000000, 0.000000, 0.000000, 0.000000, 0.000000, 0.000000, 0.000000, 0.000000, 0.000000, 0.000000, 0.000000, 0.000000, 0.000000, 0.000000, 0.000000, 7.583308, 14.212593, 14.836025, 12.348906, 6.688661, 2.967295, 0.508698, 0.363431, 0.363431, 0.363431, 0.363431
0.363431, 0.363431, 0.363431, 0.363431, 0.363431, 0.363431, 1.001755, 3.711162, 5.921694, 9.990664, 10.185658, 9.414200, 5.863574, 2.525178, 0.000000, 0.000000, 0.000000, 0.000000, 0.000000, 0.000000, 0.000000, 0.000000, 0.707980, 1.920380, 1.843720, 2.041699, 3.927358, 7.258482, 13.277876, 16.836395, 17.356010, 12.255538, 7.018114, 1.926073, 0.508698, 0.363431, 0.363431, 0.363431, 0.363431, 0.363431
0.363431, 0.363431, 0.363431, 0.363431, 0.363431, 0.363431, 0.552056, 1.239085, 4.168182, 8.262632, 14.807247, 18.953249, 18.452745, 13.104944, 7.528066, 2.857979, 0.872835, 0.000000, 0.267757, 1.649898, 3.964321, 7.946088, 10.756962, 12.871547, 12.872868, 13.417354, 14.706108, 16.348558, 16.087778, 14.458189, 8.656050, 4.591983, 1.963849, 0.653964, 0.363431, 0.363431, 0.363431, 0.363431, 0.363431, 0.363431
0.363431, 0.363431, 0.363431, 0.363431, 0.363431, 0.363431, 0.363431, 0.363431, 2.380222, 4.846322, 9.668161, 13.457483, 15.702785, 16.595991, 17.498995, 18.235603, 18.684126, 18.836266, 18.924244, 19.056105, 19.225378, 18.693281, 18.200109, 17.629665, 17.695774, 17.728210, 17.152601, 15.536845, 11.323246, 6.906227, 3.166485, 1.393718, 0.508698, 0.363431, 0.363431, 0.363431, 0.363431, 0.363431, 0.363431, 0.363431
0.363431, 0.363431, 0.363431, 0.363431, 0.363431, 0.363431, 0.363431, 0.363431, 0.457744, 0.790326, 1.586703, 4.111434, 7.550943, 13.257557, 18.195774, 22.505743, 24.251726, 25.098972, 24.779812, 23.396063, 21.267679, 17.697130, 15.159898, 13.320142, 13.189606, 12.659648, 10.438870, 7.369477, 3.765828, 0.508698, 0.363431, 0.363431, 0.363431, 0.363431, 0.363431, 0.363431, 0.363431, 0.363431, 0.363431, 0.363431
0.363431, 0.363431, 0.363431, 0.363431, 0.363431, 0.363431, 0.363431, 0.363431, 0.363431, 0.457744, 0.565477, 1.195727, 1.879658, 3.144655, 4.221027, 5.081934, 5.531154, 5.676420, 5.582108, 5.285749, 4.722971, 4.044866, 3.436959, 3.146425, 3.052113, 2.944380, 2.314130, 1.724512, 0.944498, 0.363431, 0.363431, 0.363431, 0.363431, 0.363431, 0.363431, 0.363431, 0.363431, 0.363431, 0.363431, 0.363431
0.363431, 0.363431, 0.363431, 0.363431, 0.363431, 0.363431, 0.363431, 0.363431, 0.363431, 0.363431, 0.363431, 0.363431, 0.363431, 0.363431, 0.363431, 0.363431, 0.363431, 0.363431, 0.363431, 0.363431, 0.363431, 0.363431, 0.363431, 0.363431, 0.363431, 0.363431, 0.363431, 0.363431, 0.363431, 0.363431, 0.363431, 0.363431, 0.363431, 0.363431, 0.363431, 0.363431, 0.363431, 0.363431, 0.363431, 0.363431
0.363431, 0.363431, 0.363431, 0.363431, 0.363431, 0.363431, 0.363431, 0.363431, 0.363431, 0.363431, 0.363431, 0.363431, 0.363431, 0.363431, 0.363431, 0.363431, 0.363431, 0.363431, 0.363431, 0.363431, 0.363431, 0.363431, 0.363431, 0.363431, 0.363431, 0.363431, 0.363431, 0.363431, 0.363431, 0.363431, 0.363431, 0.363431, 0.363431, 0.363431, 0.363431, 0.363431, 0.363431, 0.363431, 0.363431, 0.363431
0.363431, 0.363431, 0.363431, 0.363431, 0.363431, 0.363431, 0.363431, 0.363431, 0.363431, 0.363431, 0.363431, 0.363431, 0.363431, 0.363431, 0.363431, 0.363431, 0.363431, 0.363431, 0.363431, 0.363431, 0.363431, 0.363431, 0.363431, 0.363431, 0.363431, 0.363431, 0.363431, 0.363431, 0.363431, 0.363431, 0.363431, 0.363431, 0.363431, 0.363431, 0.363431, 0.363431, 0.363431, 0.363431, 0.363431, 0.363431
0.363431, 0.363431, 0.363431, 0.363431, 0.363431, 0.363431, 0.363431, 0.363431, 0.363431, 0.363431, 0.363431, 0.363431, 0.363431, 0.363431, 0.363431, 0.363431, 0.363431, 0.363431, 0.363431, 0.363431, 0.363431, 0.363431, 0.363431, 0.363431, 0.363431, 0.363431, 0.363431, 0.363431, 0.363431, 0.363431, 0.363431, 0.363431, 0.363431, 0.363431, 0.363431, 0.363431, 0.363431, 0.363431, 0.363431, 0.363431
0.363431, 0.363431, 0.363431, 0.363431, 0.363431, 0.363431, 0.363431, 0.363431, 0.363431, 0.363431, 0.363431, 0.363431, 0.363431, 0.363431, 0.363431, 0.363431, 0.363431, 0.363431, 0.363431, 0.363431, 0.363431, 0.363431, 0.363431, 0.363431, 0.363431, 0.363431, 0.363431, 0.363431, 0.363431, 0.363431, 0.363431, 0.363431, 0.363431, 0.363431, 0.363431, 0.363431, 0.363431, 0.363431, 0.363431, 0.363431
0.363431, 0.363431, 0.363431, 0.363431, 0.363431, 0.363431, 0.363431, 0.363431, 0.363431, 0.363431, 0.363431, 0.363431, 0.363431, 0.363431, 0.363431, 0.363431, 0.363431, 0.363431, 0.363431, 0.363431, 0.363431, 0.363431, 0.363431, 0.363431, 0.363431, 0.363431, 0.363431, 0.363431, 0.363431, 0.363431, 0.363431, 0.363431, 0.363431, 0.363431, 0.363431, 0.363431, 0.363431, 0.363431, 0.363431, 0.363431

