Channel 1:
0.00, 0.00, 0.00, 0.00, 0.00, 0.00, 0.00, 0.00, 0.00, 0.00, 0.00, 0.00, 0.00, 0.00, 0.00, 0.00, 0.00, 0.00, 0.00, 0.00
0.00, 0.00, 0.00, 0.00, 0.00, 0.00, 0.00, 0.00, 0.06, 0.07, 0.02, 0.00, 0.00, 0.00, 0.00, 0.00, 0.00, 0.00, 0.00, 0.00
0.00, 0.00, 0.00, 0.00, 0.00, 0.00, 0.00, 0.07, 1.15, 1.43, 0.58, 0.07, 0.00, 0.00, 0.00, 0.00, 0.00, 0.00, 0.00, 0.00
0.00, 0.00, 0.00, 0.00, 0.00, 0.00, 0.00, 0.07, 1.34, 2.13, 2.00, 0.68, 0.02, 0.00, 0.00, 0.00, 0.00, 0.00, 0.00, 0.00
0.00, 0.00, 0.00, 0.00, 0.00, 0.00, 0.00, 0.01, 0.53, 2.17, 2.52, 1.42, 0.07, 0.00, 0.00, 0.00, 0.00, 0.00, 0.00, 0.00
0.00, 0.00, 0.00, 0.00, 0.00, 0.00, 0.00, 0.00, 0.30, 1.92, 2.53, 1.73, 0.09, 0.00, 0.00, 0.00, 0.00, 0.00, 0.00, 0.00
0.00, 0.00, 0.00, 0.00, 0.00, 0.00, 0.00, 0.00, 0.26, 1.78, 2.55, 1.75, 0.09, 0.00, 0.00, 0.00, 0.00, 0.00, 0.00, 0.00
0.00, 0.00, 0.00, 0.00, 0.00, 0.00, 0.00, 0.00, 0.36, 2.08, 2.58, 1.75, 0.09, 0.00, 0.00, 0.00, 0.00, 0.00, 0.00, 0.00
0.00, 0.00, 0.00, 0.00, 0.00, 0.00, 0.00, 0.00, 0.37, 2.09, 2.59, 1.75, 0.09, 0.00, 0.00, 0.00, 0.00, 0.00, 0.00, 0.00
0.00, 0.00, 0.00, 0.00, 0.00, 0.00, 0.00, 0.00, 0.42, 2.15, 2.54, 1.54, 0.08, 0.00, 0.00, 0.00, 0.00, 0.00, 0.00, 0.00
0.00, 0.00, 0.00, 0.00, 0.00, 0.00, 0.00, 0.01, 0.64, 2.35, 2.54, 1.23, 0.05, 0.00, 0.00, 0.00, 0.00, 0.00, 0.00, 0.00
0.00, 0.00, 0.00, 0.00, 0.00, 0.00, 0.00, 0.05, 1.15, 2.53, 2.54, 1.18, 0.05, 0.00, 0.00, 0.00, 0.00, 0.00, 0.00, 0.00
0.00, 0.00, 0.00, 0.00, 0.00, 0.00, 0.00, 0.06, 1.34, 2.58, 2.42, 0.86, 0.03, 0.00, 0.00, 0.00, 0.00, 0.00, 0.00, 0.00
0.00, 0.00, 0.00, 0.00, 0.00, 0.00, 0.00, 0.06, 1.34, 2.57, 2.33, 0.61, 0.01, 0.00, 0.00, 0.00, 0.00, 0.00, 0.00, 0.00
0.00, 0.00, 0.00, 0.00, 0.00, 0.00, 0.00, 0.10, 1.73, 2.61, 2.29, 0.55, 0.01, 0.00, 0.00, 0.00, 0.00, 0.00, 0.00, 0.00
0.00, 0.00, 0.00, 0.00, 0.00, 0.00, 0.00, 0.11, 1.91, 2.60, 2.06, 0.35, 0.00, 0.00, 0.00, 0.00, 0.00, 0.00, 0.00, 0.00
0.00, 0.00, 0.00, 0.00, 0.00, 0.00, 0.00, 0.10, 1.74, 2.51, 1.95, 0.29, 0.00, 0.00, 0.00, 0.00, 0.00, 0.00, 0.00, 0.00
0.00, 0.00, 0.00, 0.00, 0.00, 0.00, 0.00, 0.02, 0.65, 1.48, 1.14, 0.14, 0.00, 0.00, 0.00, 0.00, 0.00, 0.00, 0.00, 0.00
0.00, 0.00, 0.00, 0.00, 0.00, 0.00, 0.00, 0.00, 0.02, 0.07, 0.05, 0.01, 0.00, 0.00, 0.00, 0.00, 0.00, 0.00, 0.00, 0.00
0.00, 0.00, 0.00, 0.00, 0.00, 0.00, 0.00, 0.00, 0.00, 0.00, 0.00, 0.00, 0.00, 0.00, 0.00, 0.00, 0.00, 0.00, 0.00, 0.00

Channel 2:
0.00, 0.00, 0.00, 0.00, 0.00, 0.00, 0.00, 0.00, 0.00, 0.00, 0.00, 0.00, 0.00, 0.00, 0.00, 0.00, 0.00, 0.00, 0.00, 0.00
0.00, 0.00, 0.00, 0.00, 0.00, 0.00, 0.00, 0.00, 0.00, 0.00, 0.00, 0.00, 0.00, 0.00, 0.00, 0.00, 0.00, 0.00, 0.00, 0.00
0.00, 0.00, 0.00, 0.00, 0.00, 0.00, 0.00, 0.00, 0.00, 0.00, 0.00, 0.00, 0.00, 0.00, 0.00, 0.00, 0.00, 0.00, 0.00, 0.00
0.00, 0.00, 0.00, 0.00, 0.00, 0.00, 0.00, 0.00, 0.00, 0.00, 0.00, 0.00, 0.00, 0.00, 0.00, 0.00, 0.00, 0.00, 0.00, 0.00
0.00, 0.00, 0.00, 0.00, 0.00, 0.00, 0.00, 0.00, 0.00, 0.00, 0.00, 0.00, 0.00, 0.00, 0.00, 0.00, 0.00, 0.00, 0.00, 0.00
0.00, 0.00, 0.00, 0.00, 0.00, 0.00, 0.00, 0.00, 0.00, 0.00, 0.00, 0.00, 0.00, 0.00, 0.00, 0.00, 0.00, 0.00, 0.00, 0.00
0.00, 0.00, 0.00, 0.00, 0.00, 0.00, 0.00, 0.00, 0.00, 0.00, 0.00, 0.00, 0.00, 0.00, 0.00, 0.00, 0.00, 0.00, 0.00, 0.00
0.00, 0.00, 0.00, 0.00, 0.00, 0.00, 0.00, 0.00, 0.00, 0.00, 0.00, 0.00, 0.00, 0.00, 0.00, 0.00, 0.00, 0.00, 0.00, 0.00
0.00, 0.00, 0.00, 0.00, 0.00, 0.00, 0.00, 0.00, 0.00, 0.00, 0.00, 0.00, 0.00, 0.00, 0.00, 0.00, 0.00, 0.00, 0.00, 0.00
0.00, 0.00, 0.00, 0.00, 0.00, 0.00, 0.00, 0.00, 0.00, 0.00, 0.00, 0.00, 0.00, 0.00, 0.00, 0.00, 0.00, 0.00, 0.00, 0.00
0.00, 0.00, 0.00, 0.00, 0.00, 0.00, 0.00, 0.00, 0.00, 0.00, 0.00, 0.00, 0.00, 0.00, 0.00, 0.00, 0.00, 0.00, 0.00, 0.00
0.00, 0.00, 0.00, 0.00, 0.00, 0.00, 0.00, 0.00, 0.00, 0.00, 0.00, 0.00, 0.00, 0.00, 0.00, 0.00, 0.00, 0.00, 0.00, 0.00
0.00, 0.00, 0.00, 0.00, 0.00, 0.00, 0.00, 0.00, 0.00, 0.00, 0.00, 0.00, 0.00, 0.00, 0.00, 0.00, 0.00, 0.00, 0.00, 0.00
0.00, 0.00, 0.00, 0.00, 0.00, 0.00, 0.00, 0.00, 0.00, 0.00, 0.00, 0.00, 0.00, 0.00, 0.00, 0.00, 0.00, 0.00, 0.00, 0.00
0.00, 0.00, 0.00, 0.00, 0.00, 0.00, 0.00, 0.00, 0.00, 0.00, 0.00, 0.00, 0.00, 0.00, 0.00, 0.00, 0.00, 0.00, 0.00, 0.00
0.00, 0.00, 0.00, 0.00, 0.00, 0.00, 0.00, 0.00, 0.00, 0.00, 0.00, 0.00, 0.00, 0.00, 0.00, 0.00, 0.00, 0.00, 0.00, 0.00
0.00, 0.00, 0.00, 0.00, 0.00, 0.00, 0.00, 0.00, 0.00, 0.00, 0.00, 0.00, 0.00, 0.00, 0.00, 0.00, 0.00, 0.00, 0.00, 0.00
0.00, 0.00, 0.00, 0.00, 0.00, 0.00, 0.00, 0.00, 0.00, 0.00, 0.00, 0.00, 0.00, 0.00, 0.00, 0.00, 0.00, 0.00, 0.00, 0.00
0.00, 0.00, 0.00, 0.00, 0.00, 0.00, 0.00, 0.00, 0.00, 0.00, 0.00, 0.00, 0.00, 0.00, 0.00, 0.00, 0.00, 0.00, 0.00, 0.00
0.00, 0.00, 0.00, 0.00, 0.00, 0.00, 0.00, 0.00, 0.00, 0.00, 0.00, 0.00, 0.00, 0.00, 0.00, 0.00, 0.00, 0.00, 0.00, 0.00

Channel 3:
0.00, 0.00, 0.00, 0.00, 0.00, 0.00, 0.00, 0.00, 0.00, 0.00, 0.00, 0.00, 0.00, 0.00, 0.00, 0.00, 0.00, 0.00, 0.00, 0.00
0.00, 0.00, 0.00, 0.00, 0.00, 0.00, 0.00, 0.00, 0.00, 0.00, 0.00, 0.00, 0.00, 0.00, 0.00, 0.00, 0.00, 0.00, 0.00, 0.00
0.00, 0.00, 0.00, 0.00, 0.00, 0.00, 0.00, 0.00, 0.03, 0.03, 0.01, 0.00, 0.00, 0.00, 0.00, 0.00, 0.00, 0.00, 0.00, 0.00
0.00, 0.00, 0.00, 0.00, 0.00, 0.00, 0.00, 0.00, 0.00, 0.01, 0.02, 0.00, 0.00, 0.00, 0.00, 0.00, 0.00, 0.00, 0.00, 0.00
0.00, 0.00, 0.00, 0.00, 0.00, 0.00, 0.00, 0.00, 0.00, 0.00, 0.00, 0.00, 0.00, 0.00, 0.00, 0.00, 0.00, 0.00, 0.00, 0.00
0.00, 0.00, 0.00, 0.00, 0.00, 0.00, 0.00, 0.00, 0.00, 0.00, 0.00, 0.00, 0.00, 0.00, 0.00, 0.00, 0.00, 0.00, 0.00, 0.00
0.00, 0.00, 0.00, 0.00, 0.00, 0.00, 0.00, 0.00, 0.00, 0.00, 0.00, 0.00, 0.00, 0.00, 0.00, 0.00, 0.00, 0.00, 0.00, 0.00
0.00, 0.00, 0.00, 0.00, 0.00, 0.00, 0.00, 0.00, 0.00, 0.00, 0.00, 0.00, 0.00, 0.00, 0.00, 0.00, 0.00, 0.00, 0.00, 0.00
0.00, 0.00, 0.00, 0.00, 0.00, 0.00, 0.00, 0.00, 0.00, 0.00, 0.00, 0.00, 0.00, 0.00, 0.00, 0.00, 0.00, 0.00, 0.00, 0.00
0.00, 0.00, 0.00, 0.00, 0.00, 0.00, 0.00, 0.00, 0.00, 0.00, 0.00, 0.00, 0.00, 0.00, 0.00, 0.00, 0.00, 0.00, 0.00, 0.00
0.00, 0.00, 0.00, 0.00, 0.00, 0.00, 0.00, 0.00, 0.00, 0.00, 0.00, 0.00, 0.00, 0.00, 0.00, 0.00, 0.00, 0.00, 0.00, 0.00
0.00, 0.00, 0.00, 0.00, 0.00, 0.00, 0.00, 0.00, 0.01, 0.00, 0.00, 0.00, 0.00, 0.00, 0.00, 0.00, 0.00, 0.00, 0.00, 0.00
0.00, 0.00, 0.00, 0.00, 0.00, 0.00, 0.00, 0.00, 0.00, 0.00, 0.00, 0.00, 0.00, 0.00, 0.00, 0.00, 0.00, 0.00, 0.00, 0.00
0.00, 0.00, 0.00, 0.00, 0.00, 0.00, 0.00, 0.00, 0.00, 0.00, 0.00, 0.00, 0.00, 0.00, 0.00, 0.00, 0.00, 0.00, 0.00, 0.00
0.00, 0.00, 0.00, 0.00, 0.00, 0.00, 0.00, 0.00, 0.00, 0.00, 0.00, 0.00, 0.00, 0.00, 0.00, 0.00, 0.00, 0.00, 0.00, 0.00
0.00, 0.00, 0.00, 0.00, 0.00, 0.00, 0.00, 0.00, 0.00, 0.00, 0.00, 0.00, 0.00, 0.00, 0.00, 0.00, 0.00, 0.00, 0.00, 0.00
0.00, 0.00, 0.00, 0.00, 0.00, 0.00, 0.00, 0.00, 0.00, 0.00, 0.00, 0.00, 0.00, 0.00, 0.00, 0.00, 0.00, 0.00, 0.00, 0.00
0.00, 0.00, 0.00, 0.00, 0.00, 0.00, 0.00, 0.00, 0.00, 0.00, 0.00, 0.00, 0.00, 0.00, 0.00, 0.00, 0.00, 0.00, 0.00, 0.00
0.00, 0.00, 0.00, 0.00, 0.00, 0.00, 0.00, 0.00, 0.00, 0.00, 0.00, 0.00, 0.00, 0.00, 0.00, 0.00, 0.00, 0.00, 0.00, 0.00
0.00, 0.00, 0.00, 0.00, 0.00, 0.00, 0.00, 0.00, 0.00, 0.00, 0.00, 0.00, 0.00, 0.00, 0.00, 0.00, 0.00, 0.00, 0.00, 0.00

Channel 4:
0.00, 0.00, 0.00, 0.00, 0.00, 0.00, 0.00, 0.00, 0.00, 0.00, 0.00, 0.00, 0.00, 0.00, 0.00, 0.00, 0.00, 0.00, 0.00, 0.00
0.00, 0.00, 0.00, 0.00, 0.00, 0.00, 0.00, 0.00, 0.05, 0.05, 0.01, 0.00, 0.00, 0.00, 0.00, 0.00, 0.00, 0.00, 0.00, 0.00
0.00, 0.00, 0.00, 0.00, 0.00, 0.00, 0.00, 0.07, 1.07, 1.34, 0.52, 0.05, 0.00, 0.00, 0.00, 0.00, 0.00, 0.00, 0.00, 0.00
0.00, 0.00, 0.00, 0.00, 0.00, 0.00, 0.00, 0.07, 1.32, 2.13, 1.96, 0.64, 0.02, 0.00, 0.00, 0.00, 0.00, 0.00, 0.00, 0.00
0.00, 0.00, 0.00, 0.00, 0.00, 0.00, 0.00, 0.01, 0.52, 2.14, 2.49, 1.41, 0.07, 0.00, 0.00, 0.00, 0.00, 0.00, 0.00, 0.00
0.00, 0.00, 0.00, 0.00, 0.00, 0.00, 0.00, 0.00, 0.29, 1.90, 2.51, 1.74, 0.10, 0.00, 0.00, 0.00, 0.00, 0.00, 0.00, 0.00
0.00, 0.00, 0.00, 0.00, 0.00, 0.00, 0.00, 0.00, 0.25, 1.70, 2.52, 1.76, 0.10, 0.00, 0.00, 0.00, 0.00, 0.00, 0.00, 0.00
0.00, 0.00, 0.00, 0.00, 0.00, 0.00, 0.00, 0.00, 0.35, 2.03, 2.55, 1.76, 0.10, 0.00, 0.00, 0.00, 0.00, 0.00, 0.00, 0.00
0.00, 0.00, 0.00, 0.00, 0.00, 0.00, 0.00, 0.00, 0.35, 2.04, 2.56, 1.76, 0.10, 0.00, 0.00, 0.00, 0.00, 0.00, 0.00, 0.00
0.00, 0.00, 0.00, 0.00, 0.00, 0.00, 0.00, 0.00, 0.40, 2.09, 2.51, 1.58, 0.09, 0.00, 0.00, 0.00, 0.00, 0.00, 0.00, 0.00
0.00, 0.00, 0.00, 0.00, 0.00, 0.00, 0.00, 0.01, 0.61, 2.30, 2.52, 1.26, 0.06, 0.00, 0.00, 0.00, 0.00, 0.00, 0.00, 0.00
0.00, 0.00, 0.00, 0.00, 0.00, 0.00, 0.00, 0.05, 1.09, 2.48, 2.52, 1.20, 0.05, 0.00, 0.00, 0.00, 0.00, 0.00, 0.00, 0.00
0.00, 0.00, 0.00, 0.00, 0.00, 0.00, 0.00, 0.06, 1.30, 2.55, 2.42, 0.91, 0.03, 0.00, 0.00, 0.00, 0.00, 0.00, 0.00, 0.00
0.00, 0.00, 0.00, 0.00, 0.00, 0.00, 0.00, 0.06, 1.29, 2.54, 2.32, 0.64, 0.01, 0.00, 0.00, 0.00, 0.00, 0.00, 0.00, 0.00
0.00, 0.00, 0.00, 0.00, 0.00, 0.00, 0.00, 0.10, 1.65, 2.58, 2.28, 0.59, 0.01, 0.00, 0.00, 0.00, 0.00, 0.00, 0.00, 0.00
0.00, 0.00, 0.00, 0.00, 0.00, 0.00, 0.00, 0.11, 1.84, 2.58, 2.07, 0.38, 0.00, 0.00, 0.00, 0.00, 0.00, 0.00, 0.00, 0.00
0.00, 0.00, 0.00, 0.00, 0.00, 0.00, 0.00, 0.10, 1.70, 2.51, 1.96, 0.31, 0.00, 0.00, 0.00, 0.00, 0.00, 0.00, 0.00, 0.00
0.00, 0.00, 0.00, 0.00, 0.00, 0.00, 0.00, 0.02, 0.67, 1.56, 1.26, 0.17, 0.00, 0.00, 0.00, 0.00, 0.00, 0.00, 0.00, 0.00
0.00, 0.00, 0.00, 0.00, 0.00, 0.00, 0.00, 0.00, 0.02, 0.08, 0.06, 0.01, 0.00, 0.00, 0.00, 0.00, 0.00, 0.00, 0.00, 0.00
0.00, 0.00, 0.00, 0.00, 0.00, 0.00, 0.00, 0.00, 0.00, 0.00, 0.00, 0.00, 0.00, 0.00, 0.00, 0.00, 0.00, 0.00, 0.00, 0.00

